id: 0
T_world_origin: 
    -0.89358    -0.441867    0.0791752     -2.83588
     -0.4402      0.89708    0.0383544      1.77412
  -0.0879741 -0.000580205    -0.996123      1.18928
           0            0            0            1
T_origin_endpoint_L: 
   0.792437   -0.609233   0.0296383    -1.75324
   0.609948    0.791713  -0.0339772    -2.84484
-0.00276497   0.0450025    0.998983     0.14574
          0           0           0           1
T_origin_endpoint_R: 
 -0.831452   0.548996  0.0853832    3.23957
 -0.544936  -0.835772  0.0673114   -1.19969
  0.108315 0.00943785   0.994072  -0.166159
         0          0          0          1
T_lidar_imu: 
     1      0      0  0.006
     0      1      0 -0.012
     0      0      1  0.008
     0      0      0      1
imu_bias: -0.00141062 -0.00728846 0.000806474 -0.00329511  0.00113499  0.00193293
frame_id: 2
num_frames: 1416
frame_0
id: 0
stamp: 1781770456.293024063
T_odom_lidar: 
   -0.97784     0.19813    0.067624  0.00706561
   0.198236    0.980141 -0.00521161    0.010044
 -0.0673136  0.00830936   -0.997697     1.20849
          0           0           0           1
T_world_lidar: 
   -0.97784     0.19813    0.067624  0.00706561
   0.198236    0.980141 -0.00521161    0.010044
 -0.0673136  0.00830936   -0.997697     1.20849
          0           0           0           1
v_world_imu:  0.0158317  0.0277235 0.00890643
frame_1
id: 1
stamp: 1781770456.394324303
T_odom_lidar: 
  -0.978012    0.198018   0.0654349  0.00815569
   0.198096    0.980168 -0.00535285    0.012284
 -0.0651971  0.00772725   -0.997842     1.20838
          0           0           0           1
T_world_lidar: 
  -0.978012    0.198018   0.0654349  0.00815569
   0.198096    0.980168 -0.00535285    0.012284
 -0.0651971  0.00772725   -0.997842     1.20838
          0           0           0           1
v_world_imu:  0.00893871   0.0151944 0.000759093
frame_2
id: 2
stamp: 1781770456.493499041
T_odom_lidar: 
  -0.977905    0.198086   0.0668041  0.00876291
   0.198084    0.980162 -0.00672173    0.012623
 -0.0668103  0.00665961   -0.997743     1.21018
          0           0           0           1
T_world_lidar: 
  -0.977905    0.198086   0.0668041  0.00876291
   0.198084    0.980162 -0.00672173    0.012623
 -0.0668103  0.00665961   -0.997743     1.21018
          0           0           0           1
v_world_imu:  0.0074184 0.00305389 0.00583395
frame_3
id: 3
stamp: 1781770456.593402147
T_odom_lidar: 
  -0.977783    0.198007   0.0688029  0.00925867
    0.19802    0.980175 -0.00671171   0.0125136
 -0.0687679  0.00706173   -0.997608     1.21083
          0           0           0           1
T_world_lidar: 
  -0.977783    0.198007   0.0688029  0.00925867
    0.19802    0.980175 -0.00671171   0.0125136
 -0.0687679  0.00706173   -0.997608     1.21083
          0           0           0           1
v_world_imu: 0.00492428 0.00345558 -0.0101123
frame_4
id: 4
stamp: 1781770456.693304539
T_odom_lidar: 
  -0.977897    0.197881   0.0675277  0.00948161
   0.197809    0.980209 -0.00782328   0.0127346
 -0.0677393  0.00570721   -0.997687     1.21008
          0           0           0           1
T_world_lidar: 
  -0.977897    0.197881   0.0675277  0.00948161
   0.197809    0.980209 -0.00782328   0.0127346
 -0.0677393  0.00570721   -0.997687     1.21008
          0           0           0           1
v_world_imu:  0.000270896 -0.000773992  -0.00196849
frame_5
id: 5
stamp: 1781770456.793586969
T_odom_lidar: 
  -0.977951    0.197626   0.0675006  0.00952243
   0.197663     0.98025 -0.00618437   0.0126071
 -0.0673896  0.00729438     -0.9977     1.21021
          0           0           0           1
T_world_lidar: 
  -0.977951    0.197626   0.0675006  0.00952243
   0.197663     0.98025 -0.00618437   0.0126071
 -0.0673896  0.00729438     -0.9977     1.21021
          0           0           0           1
v_world_imu: -0.00250251 -0.00641818   0.0122657
frame_6
id: 6
stamp: 1781770456.893492937
T_odom_lidar: 
  -0.977894    0.197884   0.0675676  0.00931881
   0.197922    0.980198 -0.00620693   0.0122972
 -0.0674579   0.0073034   -0.997695     1.21043
          0           0           0           1
T_world_lidar: 
  -0.977894    0.197884   0.0675676  0.00931881
   0.197922    0.980198 -0.00620693   0.0122972
 -0.0674579   0.0073034   -0.997695     1.21043
          0           0           0           1
v_world_imu: -0.00447082 -0.00685022  0.00980128
frame_7
id: 7
stamp: 1781770456.993157625
T_odom_lidar: 
  -0.977877    0.197955   0.0675973   0.0088457
   0.197959    0.980187 -0.00670624   0.0119626
 -0.0675856  0.00682364    -0.99769     1.21054
          0           0           0           1
T_world_lidar: 
  -0.977877    0.197955   0.0675973   0.0088457
   0.197959    0.980187 -0.00670624   0.0119626
 -0.0675856  0.00682364    -0.99769     1.21054
          0           0           0           1
v_world_imu: -0.00678291  -0.0017137  0.00221232
frame_8
id: 8
stamp: 1781770457.093220234
T_odom_lidar: 
   -0.97778    0.198405   0.0676935  0.00799952
   0.198445    0.980092 -0.00620506   0.0120269
  -0.067577  0.00736627   -0.997687     1.21082
          0           0           0           1
T_world_lidar: 
   -0.97778    0.198405   0.0676935  0.00799952
   0.198445    0.980092 -0.00620506   0.0120269
  -0.067577  0.00736627   -0.997687     1.21082
          0           0           0           1
v_world_imu: -0.00442032  0.00892262 -0.00613338
frame_9
id: 9
stamp: 1781770457.194261312
T_odom_lidar: 
  -0.977758    0.198539   0.0676126  0.00768335
   0.198528    0.980071 -0.00694754   0.0126152
 -0.0676445  0.00662997   -0.997687     1.21124
          0           0           0           1
T_world_lidar: 
  -0.977758    0.198539   0.0676126  0.00768335
   0.198528    0.980071 -0.00694754   0.0126152
 -0.0676445  0.00662997   -0.997687     1.21124
          0           0           0           1
v_world_imu:  0.00193494  0.00619799 -0.00593498
frame_10
id: 10
stamp: 1781770457.293391943
T_odom_lidar: 
  -0.977701    0.198698   0.0679721  0.00790741
   0.198694    0.980037 -0.00689325   0.0124649
 -0.0679849  0.00676608   -0.997663     1.21125
          0           0           0           1
T_world_lidar: 
  -0.977701    0.198698   0.0679721  0.00790741
   0.198694    0.980037 -0.00689325   0.0124649
 -0.0679849  0.00676608   -0.997663     1.21125
          0           0           0           1
v_world_imu: 0.00408404 0.00224066 -0.0120569
frame_11
id: 11
stamp: 1781770457.393562555
T_odom_lidar: 
 -0.977804   0.198397  0.0673669 0.00815361
  0.198338   0.980104 -0.0076279  0.0124689
-0.0675399 0.00590281  -0.997699    1.21092
         0          0          0          1
T_world_lidar: 
 -0.977804   0.198397  0.0673669 0.00815361
  0.198338   0.980104 -0.0076279  0.0124689
-0.0675399 0.00590281  -0.997699    1.21092
         0          0          0          1
v_world_imu:  0.00235018 -0.00124394 0.000546452
frame_12
id: 12
stamp: 1781770457.493346691
T_odom_lidar: 
 -0.977841   0.198068   0.067798 0.00840839
  0.198095   0.980162 -0.0063932  0.0123883
-0.0677193 0.00717889  -0.997679    1.21109
         0          0          0          1
T_world_lidar: 
 -0.977841   0.198068   0.067798 0.00840839
  0.198095   0.980162 -0.0063932  0.0123883
-0.0677193 0.00717889  -0.997679    1.21109
         0          0          0          1
v_world_imu: -0.00189581 -0.00421009   0.0105707
frame_13
id: 13
stamp: 1781770457.593288898
T_odom_lidar: 
    -0.9778    0.198132   0.0681918  0.00834182
   0.198213    0.980143 -0.00564813   0.0126741
 -0.0679567  0.00799375   -0.997656     1.21072
          0           0           0           1
T_world_lidar: 
    -0.9778    0.198132   0.0681918  0.00834182
   0.198213    0.980143 -0.00564813   0.0126741
 -0.0679567  0.00799375   -0.997656     1.21072
          0           0           0           1
v_world_imu:    5.052e-05 -0.000830836    0.0036596
frame_14
id: 14
stamp: 1781770457.693610668
T_odom_lidar: 
 -0.977819     0.1981  0.0680162 0.00872257
  0.198179    0.98015  -0.005657  0.0127742
-0.0677867 0.00794786  -0.997668    1.21032
         0          0          0          1
T_world_lidar: 
 -0.977819     0.1981  0.0680162 0.00872257
  0.198179    0.98015  -0.005657  0.0127742
-0.0677867 0.00794786  -0.997668    1.21032
         0          0          0          1
v_world_imu:   0.00504517  0.000807691 -0.000850763
frame_15
id: 15
stamp: 1781770457.793561697
T_odom_lidar: 
  -0.977934    0.197774   0.0673141  0.00915461
   0.197821     0.98022 -0.00603301   0.0130148
 -0.0671757  0.00741628   -0.997714     1.21016
          0           0           0           1
T_world_lidar: 
  -0.977934    0.197774   0.0673141  0.00915461
   0.197821     0.98022 -0.00603301   0.0130148
 -0.0671757  0.00741628   -0.997714     1.21016
          0           0           0           1
v_world_imu:  0.00370588  0.00607467 -0.00422322
frame_16
id: 16
stamp: 1781770457.893269539
T_odom_lidar: 
  -0.977849    0.197958   0.0679934  0.00923179
    0.19802     0.98018 -0.00589151   0.0133701
  -0.067812  0.00770305   -0.997668     1.21048
          0           0           0           1
T_world_lidar: 
  -0.977849    0.197958   0.0679934  0.00923179
    0.19802     0.98018 -0.00589151   0.0133701
  -0.067812  0.00770305   -0.997668     1.21048
          0           0           0           1
v_world_imu:  0.00444758  0.00741003 -0.00929331
frame_17
id: 17
stamp: 1781770457.993052483
T_odom_lidar: 
  -0.977818    0.198116   0.0679907  0.00959357
   0.198136    0.980153 -0.00651962   0.0135318
 -0.0679329  0.00709641   -0.997665     1.21031
          0           0           0           1
T_world_lidar: 
  -0.977818    0.198116   0.0679907  0.00959357
   0.198136    0.980153 -0.00651962   0.0135318
 -0.0679329  0.00709641   -0.997665     1.21031
          0           0           0           1
v_world_imu: 0.00261809 0.00287368 -0.0103444
frame_18
id: 18
stamp: 1781770458.093046665
T_odom_lidar: 
  -0.977887    0.197991   0.0673483  0.00948952
   0.197987    0.980181 -0.00680434   0.0134362
 -0.0673607  0.00668019   -0.997706     1.21005
          0           0           0           1
T_world_lidar: 
  -0.977887    0.197991   0.0673483  0.00948952
   0.197987    0.980181 -0.00680434   0.0134362
 -0.0673607  0.00668019   -0.997706     1.21005
          0           0           0           1
v_world_imu: -0.00178354 -0.00215552 -0.00100685
frame_19
id: 19
stamp: 1781770458.193395853
T_odom_lidar: 
  -0.977848    0.197964    0.068003  0.00939367
   0.198017     0.98018 -0.00602407   0.0133473
 -0.0678477  0.00757514   -0.997667     1.21004
          0           0           0           1
T_world_lidar: 
  -0.977848    0.197964    0.068003  0.00939367
   0.198017     0.98018 -0.00602407   0.0133473
 -0.0678477  0.00757514   -0.997667     1.21004
          0           0           0           1
v_world_imu: -0.00353241 -0.00205574  0.00574628
frame_20
id: 20
stamp: 1781770458.293009520
T_odom_lidar: 
   -0.97788    0.197765   0.0681126  0.00916139
   0.197831    0.980219 -0.00584132   0.0136686
 -0.0679204  0.00776266   -0.997661     1.20963
          0           0           0           1
T_world_lidar: 
   -0.97788    0.197765   0.0681126  0.00916139
   0.197831    0.980219 -0.00584132   0.0136686
 -0.0679204  0.00776266   -0.997661     1.20963
          0           0           0           1
v_world_imu: -0.00316143 -0.00255018  0.00436226
frame_21
id: 21
stamp: 1781770458.393376827
T_odom_lidar: 
  -0.977877    0.197911   0.0677349  0.00920397
   0.197979    0.980189 -0.00578342   0.0136449
 -0.0675376  0.00775459   -0.997687     1.20886
          0           0           0           1
T_world_lidar: 
  -0.977877    0.197911   0.0677349  0.00920397
   0.197979    0.980189 -0.00578342   0.0136449
 -0.0675376  0.00775459   -0.997687     1.20886
          0           0           0           1
v_world_imu:   0.00022008  -0.00336511 -0.000170054
frame_22
id: 22
stamp: 1781770458.493367910
T_odom_lidar: 
  -0.977927    0.198007   0.0667215  0.00929003
   0.198094    0.980168 -0.00538284   0.0135789
 -0.0664641  0.00795309   -0.997757     1.20848
          0           0           0           1
T_world_lidar: 
  -0.977927    0.198007   0.0667215  0.00929003
   0.198094    0.980168 -0.00538284   0.0135789
 -0.0664641  0.00795309   -0.997757     1.20848
          0           0           0           1
v_world_imu: -0.000164518  0.000136486   0.00417187
frame_23
id: 23
stamp: 1781770458.594294310
T_odom_lidar: 
  -0.977857    0.198034   0.0676695  0.00906006
    0.19807    0.980168 -0.00624466   0.0135126
 -0.0675641  0.00729691   -0.997688     1.20965
          0           0           0           1
T_world_lidar: 
  -0.977857    0.198034   0.0676695  0.00906006
    0.19807    0.980168 -0.00624466   0.0135126
 -0.0675641  0.00729691   -0.997688     1.20965
          0           0           0           1
v_world_imu: 1.90533e-06  0.00310379  0.00268723
frame_24
id: 24
stamp: 1781770458.693552017
T_odom_lidar: 
  -0.977823    0.198125   0.0678907  0.00895863
   0.198102    0.980155 -0.00713726   0.0135705
 -0.0679575  0.00647029   -0.997667     1.21006
          0           0           0           1
T_world_lidar: 
  -0.977823    0.198125   0.0678907  0.00895863
   0.198102    0.980155 -0.00713726   0.0135705
 -0.0679575  0.00647029   -0.997667     1.21006
          0           0           0           1
v_world_imu: 0.00117548 0.00621493 -0.0110238
frame_25
id: 25
stamp: 1781770458.793283939
T_odom_lidar: 
  -0.977783     0.19843   0.0675693  0.00897885
   0.198434    0.980091 -0.00671655   0.0138022
 -0.0675569  0.00684076   -0.997692     1.20975
          0           0           0           1
T_world_lidar: 
  -0.977783     0.19843   0.0675693  0.00897885
   0.198434    0.980091 -0.00671655   0.0138022
 -0.0675569  0.00684076   -0.997692     1.20975
          0           0           0           1
v_world_imu:   0.0043111  0.00316742 -0.00794789
frame_26
id: 26
stamp: 1781770458.893042326
T_odom_lidar: 
  -0.977887    0.197819   0.0678568   0.0096126
   0.197845    0.980212 -0.00640275   0.0136479
 -0.0677807  0.00716396   -0.997675     1.20991
          0           0           0           1
T_world_lidar: 
  -0.977887    0.197819   0.0678568   0.0096126
   0.197845    0.980212 -0.00640275   0.0136479
 -0.0677807  0.00716396   -0.997675     1.20991
          0           0           0           1
v_world_imu:  0.00580681 -0.00424675  0.00358872
frame_27
id: 27
stamp: 1781770458.993054867
T_odom_lidar: 
 -0.977901    0.19754   0.068466  0.0100818
  0.197613   0.980263 -0.0057739  0.0134197
-0.0682553 0.00788347  -0.997637    1.20988
         0          0          0          1
T_world_lidar: 
 -0.977901    0.19754   0.068466  0.0100818
  0.197613   0.980263 -0.0057739  0.0134197
-0.0682553 0.00788347  -0.997637    1.20988
         0          0          0          1
v_world_imu: -0.000261382   -0.0042698   0.00747661
frame_28
id: 28
stamp: 1781770459.093247890
T_odom_lidar: 
   -0.97795    0.197556   0.0677173   0.0100589
   0.197603    0.980263 -0.00605766   0.0136672
 -0.0675775  0.00745709   -0.997686     1.20952
          0           0           0           1
T_world_lidar: 
   -0.97795    0.197556   0.0677173   0.0100589
   0.197603    0.980263 -0.00605766   0.0136672
 -0.0675775  0.00745709   -0.997686     1.20952
          0           0           0           1
v_world_imu:  -0.00139009 -0.000866412   0.00650768
frame_29
id: 29
stamp: 1781770459.194311619
T_odom_lidar: 
  -0.977974    0.197511   0.0674997    0.010228
   0.197605    0.980267 -0.00535262   0.0140114
 -0.0672249  0.00810353   -0.997705      1.2092
          0           0           0           1
T_world_lidar: 
  -0.977974    0.197511   0.0674997    0.010228
   0.197605    0.980267 -0.00535262   0.0140114
 -0.0672249  0.00810353   -0.997705      1.2092
          0           0           0           1
v_world_imu:  -0.00061815 -0.000201341   0.00657525
frame_30
id: 30
stamp: 1781770459.293354511
T_odom_lidar: 
  -0.97793    0.19765  0.0677371  0.0100949
  0.197735    0.98024 -0.0055063  0.0141241
 -0.067487 0.00800924  -0.997688    1.20928
         0          0          0          1
T_world_lidar: 
  -0.97793    0.19765  0.0677371  0.0100949
  0.197735    0.98024 -0.0055063  0.0141241
 -0.067487 0.00800924  -0.997688    1.20928
         0          0          0          1
v_world_imu: -0.000852432  0.000785104  -0.00182997
frame_31
id: 31
stamp: 1781770459.393299103
T_odom_lidar: 
  -0.977924    0.197766   0.0674834    0.009863
   0.197804    0.980222 -0.00618709   0.0139706
 -0.0673723  0.00729799   -0.997701     1.20933
          0           0           0           1
T_world_lidar: 
  -0.977924    0.197766   0.0674834    0.009863
   0.197804    0.980222 -0.00618709   0.0139706
 -0.0673723  0.00729799   -0.997701     1.20933
          0           0           0           1
v_world_imu: -0.00199956  0.00504311 -0.00785661
frame_32
id: 32
stamp: 1781770459.493600845
T_odom_lidar: 
  -0.977923    0.197831    0.067302  0.00936154
   0.197824    0.980214 -0.00683365   0.0142547
 -0.0673223  0.00663118   -0.997709     1.20965
          0           0           0           1
T_world_lidar: 
  -0.977923    0.197831    0.067302  0.00936154
   0.197824    0.980214 -0.00683365   0.0142547
 -0.0673223  0.00663118   -0.997709     1.20965
          0           0           0           1
v_world_imu: -0.000332673   0.00631094  -0.00687483
frame_33
id: 33
stamp: 1781770459.593510866
T_odom_lidar: 
  -0.977874    0.197796   0.0681162  0.00945828
   0.197831    0.980216 -0.00630433    0.014276
 -0.0680156  0.00731066   -0.997657     1.21004
          0           0           0           1
T_world_lidar: 
  -0.977874    0.197796   0.0681162  0.00945828
   0.197831    0.980216 -0.00630433    0.014276
 -0.0680156  0.00731066   -0.997657     1.21004
          0           0           0           1
v_world_imu:  0.00276687  0.00218704 -0.00160977
frame_34
id: 34
stamp: 1781770459.693192244
T_odom_lidar: 
   -0.97786    0.197854   0.0681416  0.00964455
   0.197801    0.980213 -0.00760026    0.014337
  -0.068297  0.00604646   -0.997647     1.21033
          0           0           0           1
T_world_lidar: 
   -0.97786    0.197854   0.0681416  0.00964455
   0.197801    0.980213 -0.00760026    0.014337
  -0.068297  0.00604646   -0.997647     1.21033
          0           0           0           1
v_world_imu: 0.000325314  -0.0031852  0.00535552
frame_35
id: 35
stamp: 1781770459.793079376
T_odom_lidar: 
  -0.977963     0.19765   0.0672463  0.00972623
   0.197599    0.980254 -0.00746904   0.0140899
 -0.0673947  0.00598337   -0.997708     1.21028
          0           0           0           1
T_world_lidar: 
  -0.977963     0.19765   0.0672463  0.00972623
   0.197599    0.980254 -0.00746904   0.0140899
 -0.0673947  0.00598337   -0.997708     1.21028
          0           0           0           1
v_world_imu: -0.00273035 -0.00679715  0.00773689
frame_36
id: 36
stamp: 1781770459.893382788
T_odom_lidar: 
  -0.977871    0.197903   0.0678367  0.00954268
   0.197964    0.980192 -0.00589356   0.0139619
 -0.0676593  0.00766608   -0.997679     1.21001
          0           0           0           1
T_world_lidar: 
  -0.977871    0.197903   0.0678367  0.00954268
   0.197964    0.980192 -0.00589356   0.0139619
 -0.0676593  0.00766608   -0.997679     1.21001
          0           0           0           1
v_world_imu:  -0.0030528 -0.00303609  0.00745901
frame_37
id: 37
stamp: 1781770459.993318081
T_odom_lidar: 
  -0.977829    0.198045   0.0680357  0.00956727
   0.198121    0.980161 -0.00570365   0.0142036
 -0.0678156  0.00790212   -0.997667     1.20986
          0           0           0           1
T_world_lidar: 
  -0.977829    0.198045   0.0680357  0.00956727
   0.198121    0.980161 -0.00570365   0.0142036
 -0.0678156  0.00790212   -0.997667     1.20986
          0           0           0           1
v_world_imu:  0.00173978 0.000784721  0.00394157
frame_38
id: 38
stamp: 1781770460.093478203
T_odom_lidar: 
  -0.977899    0.197854   0.0675767  0.00983793
   0.197884    0.980205 -0.00631765   0.0143496
  -0.067489  0.00719433   -0.997694      1.2099
          0           0           0           1
T_world_lidar: 
  -0.977899    0.197854   0.0675767  0.00983793
   0.197884    0.980205 -0.00631765   0.0143496
  -0.067489  0.00719433   -0.997694      1.2099
          0           0           0           1
v_world_imu:  0.00183487  0.00433478 -0.00357312
frame_39
id: 39
stamp: 1781770460.193390369
T_odom_lidar: 
  -0.977902     0.19796   0.0672204  0.00971983
   0.197968    0.980186 -0.00661651   0.0146387
 -0.0671984  0.00683719   -0.997716     1.21001
          0           0           0           1
T_world_lidar: 
  -0.977902     0.19796   0.0672204  0.00971983
   0.197968    0.980186 -0.00661651   0.0146387
 -0.0671984  0.00683719   -0.997716     1.21001
          0           0           0           1
v_world_imu:  0.00226222  0.00643824 -0.00429366
frame_40
id: 40
stamp: 1781770460.293366432
T_odom_lidar: 
  -0.977836    0.198148   0.0676393  0.00993512
   0.198119    0.980152 -0.00720869   0.0146865
 -0.0677252   0.0063517   -0.997684     1.21096
          0           0           0           1
T_world_lidar: 
  -0.977836    0.198148   0.0676393  0.00993512
   0.198119    0.980152 -0.00720869   0.0146865
 -0.0677252   0.0063517   -0.997684     1.21096
          0           0           0           1
v_world_imu:   0.00454722   0.00302026 -0.000951066
frame_41
id: 41
stamp: 1781770460.393568277
T_odom_lidar: 
  -0.977802    0.198032   0.0684524    0.010093
    0.19801    0.980174 -0.00717077   0.0146061
 -0.0685153  0.00654266   -0.997629      1.2113
          0           0           0           1
T_world_lidar: 
  -0.977802    0.198032   0.0684524    0.010093
    0.19801    0.980174 -0.00717077   0.0146061
 -0.0685153  0.00654266   -0.997629      1.2113
          0           0           0           1
v_world_imu: -0.00127095  0.00151853 -0.00848775
frame_42
id: 42
stamp: 1781770460.493491650
T_odom_lidar: 
  -0.977878    0.197947   0.0676108  0.00980568
     0.1979    0.980194 -0.00745628    0.014775
 -0.0677477  0.00608888   -0.997684     1.21012
          0           0           0           1
T_world_lidar: 
  -0.977878    0.197947   0.0676108  0.00980568
     0.1979    0.980194 -0.00745628    0.014775
 -0.0677477  0.00608888   -0.997684     1.21012
          0           0           0           1
v_world_imu: -0.000110467  -0.00225061  -0.00669411
frame_43
id: 43
stamp: 1781770460.593097210
T_odom_lidar: 
  -0.977889    0.198048   0.0671542   0.0103858
   0.198101    0.980164 -0.00594208   0.0146796
  -0.066999   0.0074926   -0.997725     1.20947
          0           0           0           1
T_world_lidar: 
  -0.977889    0.198048   0.0671542   0.0103858
   0.198101    0.980164 -0.00594208   0.0146796
  -0.066999   0.0074926   -0.997725     1.20947
          0           0           0           1
v_world_imu:  0.00377205 -0.00398722   0.0121971
frame_44
id: 44
stamp: 1781770460.693003416
T_odom_lidar: 
 -0.977911   0.197478  0.0685024  0.0107362
  0.197597    0.98027 -0.0051107    0.01492
-0.0681601 0.00853803  -0.997638    1.21028
         0          0          0          1
T_world_lidar: 
 -0.977911   0.197478  0.0685024  0.0107362
  0.197597    0.98027 -0.0051107    0.01492
-0.0681601 0.00853803  -0.997638    1.21028
         0          0          0          1
v_world_imu: -8.62671e-05  -0.00129983    0.0161723
frame_45
id: 45
stamp: 1781770460.793017149
T_odom_lidar: 
  -0.977934    0.197539   0.0679952   0.0106821
   0.197577    0.980268 -0.00623293   0.0150958
 -0.0678847  0.00733886   -0.997666     1.21068
          0           0           0           1
T_world_lidar: 
  -0.977934    0.197539   0.0679952   0.0106821
   0.197577    0.980268 -0.00623293   0.0150958
 -0.0678847  0.00733886   -0.997666     1.21068
          0           0           0           1
v_world_imu: -0.000876785   0.00258638   0.00299986
frame_46
id: 46
stamp: 1781770460.893289566
T_odom_lidar: 
  -0.977913    0.197843   0.0674064   0.0105621
   0.197863    0.980208 -0.00644333    0.015422
 -0.0673471  0.00703623   -0.997705     1.21071
          0           0           0           1
T_world_lidar: 
  -0.977913    0.197843   0.0674064   0.0105621
   0.197863    0.980208 -0.00644333    0.015422
 -0.0673471  0.00703623   -0.997705     1.21071
          0           0           0           1
v_world_imu: -0.00110399  0.00473978 -0.00545331
frame_47
id: 47
stamp: 1781770460.993487358
T_odom_lidar: 
  -0.977908    0.197846   0.0674739   0.0102211
   0.197854    0.980209 -0.00663733   0.0153922
 -0.0674517  0.00685927   -0.997699     1.21088
          0           0           0           1
T_world_lidar: 
  -0.977908    0.197846   0.0674739   0.0102211
   0.197854    0.980209 -0.00663733   0.0153922
 -0.0674517  0.00685927   -0.997699     1.21088
          0           0           0           1
v_world_imu: 0.000799617  0.00432661 -0.00909234
frame_48
id: 48
stamp: 1781770461.093440056
T_odom_lidar: 
  -0.977856    0.198147   0.0673515   0.0102936
   0.198138     0.98015 -0.00688252   0.0154768
 -0.0673783  0.00661478   -0.997706     1.21077
          0           0           0           1
T_world_lidar: 
  -0.977856    0.198147   0.0673515   0.0102936
   0.198138     0.98015 -0.00688252   0.0154768
 -0.0673783  0.00661478   -0.997706     1.21077
          0           0           0           1
v_world_imu: 0.00158812 0.00428831 -0.0119034
frame_49
id: 49
stamp: 1781770461.193332911
T_odom_lidar: 
  -0.977918    0.197739   0.0676392   0.0101379
   0.197736    0.980232 -0.00680807   0.0155098
 -0.0676483  0.00671695   -0.997687     1.21029
          0           0           0           1
T_world_lidar: 
  -0.977918    0.197739   0.0676392   0.0101379
   0.197736    0.980232 -0.00680807   0.0155098
 -0.0676483  0.00671695   -0.997687     1.21029
          0           0           0           1
v_world_imu: -0.00165019 -0.00162106 -0.00390774
frame_50
id: 50
stamp: 1781770461.293550014
T_odom_lidar: 
  -0.977869     0.19797   0.0676779   0.0101281
   0.198003    0.980181 -0.00628537   0.0152897
 -0.0675809  0.00725415   -0.997687     1.21016
          0           0           0           1
T_world_lidar: 
  -0.977869     0.19797   0.0676779   0.0101281
   0.198003    0.980181 -0.00628537   0.0152897
 -0.0675809  0.00725415   -0.997687     1.21016
          0           0           0           1
v_world_imu: 0.000551546 -0.00446759  0.00743352
frame_51
id: 51
stamp: 1781770461.393436432
T_odom_lidar: 
 -0.977885   0.197625  0.0684497  0.0103872
  0.197718   0.980244 -0.0054869  0.0153862
-0.0681817 0.00816815  -0.997639    1.21035
         0          0          0          1
T_world_lidar: 
 -0.977885   0.197625  0.0684497  0.0103872
  0.197718   0.980244 -0.0054869  0.0153862
-0.0681817 0.00816815  -0.997639    1.21035
         0          0          0          1
v_world_imu: -0.00284923 -0.00157053   0.0132163
frame_52
id: 52
stamp: 1781770461.493296862
T_odom_lidar: 
  -0.977878    0.197798   0.0680441  0.00995821
   0.197834    0.980215 -0.00627901   0.0157732
 -0.0679398  0.00732131   -0.997663     1.21062
          0           0           0           1
T_world_lidar: 
  -0.977878    0.197798   0.0680441  0.00995821
   0.197834    0.980215 -0.00627901   0.0157732
 -0.0679398  0.00732131   -0.997663     1.21062
          0           0           0           1
v_world_imu:  -0.00558299 -0.000427258   0.00994777
frame_53
id: 53
stamp: 1781770461.594309807
T_odom_lidar: 
  -0.977717    0.198642   0.0679002  0.00979214
   0.198674    0.980045 -0.00634847    0.015853
 -0.0678064  0.00728301   -0.997672     1.21075
          0           0           0           1
T_world_lidar: 
  -0.977717    0.198642   0.0679002  0.00979214
   0.198674    0.980045 -0.00634847    0.015853
 -0.0678064  0.00728301   -0.997672     1.21075
          0           0           0           1
v_world_imu: 0.00184198 0.00122839  0.0017282
frame_54
id: 54
stamp: 1781770461.693479061
T_odom_lidar: 
  -0.977942    0.197552   0.0678415   0.0102213
   0.197592    0.980265 -0.00618762   0.0160943
  -0.067725  0.00735382   -0.997677     1.21059
          0           0           0           1
T_world_lidar: 
  -0.977942    0.197552   0.0678415   0.0102213
   0.197592    0.980265 -0.00618762   0.0160943
  -0.067725  0.00735382   -0.997677     1.21059
          0           0           0           1
v_world_imu: 0.00667964 0.00542165 -0.0125886
frame_55
id: 55
stamp: 1781770461.793342590
T_odom_lidar: 
  -0.977926    0.197659   0.0677598   0.0106213
   0.197712    0.980242 -0.00599604   0.0161299
 -0.0676062  0.00753322   -0.997684     1.20972
          0           0           0           1
T_world_lidar: 
  -0.977926    0.197659   0.0677598   0.0106213
   0.197712    0.980242 -0.00599604   0.0161299
 -0.0676062  0.00753322   -0.997684     1.20972
          0           0           0           1
v_world_imu: 0.00498345 0.00280172 -0.0214451
frame_56
id: 56
stamp: 1781770461.893041849
T_odom_lidar: 
  -0.978089    0.197174   0.0668181   0.0107367
   0.197201    0.980343 -0.00624672   0.0158763
 -0.0667363  0.00706677   -0.997746     1.20879
          0           0           0           1
T_world_lidar: 
  -0.978089    0.197174   0.0668181   0.0107367
   0.197201    0.980343 -0.00624672   0.0158763
 -0.0667363  0.00706677   -0.997746     1.20879
          0           0           0           1
v_world_imu: -0.00086216  0.00098381 -0.00659557
frame_57
id: 57
stamp: 1781770461.993389368
T_odom_lidar: 
  -0.977988     0.19757   0.0671172   0.0103516
   0.197573    0.980266 -0.00666653   0.0159428
 -0.0671098  0.00674076   -0.997723     1.20958
          0           0           0           1
T_world_lidar: 
  -0.977988     0.19757   0.0671172   0.0103516
   0.197573    0.980266 -0.00666653   0.0159428
 -0.0671098  0.00674076   -0.997723     1.20958
          0           0           0           1
v_world_imu:   -0.0032832 -0.000552373    0.0119123
frame_58
id: 58
stamp: 1781770462.093111038
T_odom_lidar: 
  -0.977921    0.197596   0.0680201   0.0102205
   0.197601    0.980259 -0.00671072   0.0158709
 -0.0680034  0.00687832   -0.997661     1.21042
          0           0           0           1
T_world_lidar: 
  -0.977921    0.197596   0.0680201   0.0102205
   0.197601    0.980259 -0.00671072   0.0158709
 -0.0680034  0.00687832   -0.997661     1.21042
          0           0           0           1
v_world_imu: -0.00328036 -0.00546589   0.0110838
frame_59
id: 59
stamp: 1781770462.193449497
T_odom_lidar: 
  -0.977873    0.198037   0.0674256   0.0100214
   0.197993    0.980175 -0.00740669   0.0156791
 -0.0675557  0.00610701   -0.997697     1.21005
          0           0           0           1
T_world_lidar: 
  -0.977873    0.198037   0.0674256   0.0100214
   0.197993    0.980175 -0.00740669   0.0156791
 -0.0675557  0.00610701   -0.997697     1.21005
          0           0           0           1
v_world_imu: -0.00381524 -0.00753013  0.00620739
frame_60
id: 60
stamp: 1781770462.293509960
T_odom_lidar: 
  -0.977899    0.197904   0.0674348  0.00990729
   0.197976     0.98019 -0.00567518   0.0152739
 -0.0672221  0.00780071   -0.997708      1.2099
          0           0           0           1
T_world_lidar: 
  -0.977899    0.197904   0.0674348  0.00990729
   0.197976     0.98019 -0.00567518   0.0152739
 -0.0672221  0.00780071   -0.997708      1.2099
          0           0           0           1
v_world_imu: -0.00134377 -0.00504493  0.00810548
frame_61
id: 61
stamp: 1781770462.393393040
T_odom_lidar: 
  -0.977802     0.19823   0.0678827  0.00996457
   0.198277    0.980127 -0.00611408   0.0150939
 -0.0677457  0.00748124   -0.997675     1.21033
          0           0           0           1
T_world_lidar: 
  -0.977802     0.19823   0.0678827  0.00996457
   0.198277    0.980127 -0.00611408   0.0150939
 -0.0677457  0.00748124   -0.997675     1.21033
          0           0           0           1
v_world_imu:  0.00214766 -0.00161731  0.00115067
frame_62
id: 62
stamp: 1781770462.493077278
T_odom_lidar: 
  -0.977849    0.197938   0.0680602   0.0101095
   0.197978    0.980187 -0.00622632     0.01463
 -0.0679442  0.00738603   -0.997662     1.21035
          0           0           0           1
T_world_lidar: 
  -0.977849    0.197938   0.0680602   0.0101095
   0.197978    0.980187 -0.00622632     0.01463
 -0.0679442  0.00738603   -0.997662     1.21035
          0           0           0           1
v_world_imu:  0.00191641 -0.00140667  -0.0115328
frame_63
id: 63
stamp: 1781770462.593474865
T_odom_lidar: 
  -0.978007    0.197219   0.0678764  0.00988206
   0.197281     0.98033 -0.00585951   0.0141334
 -0.0676968  0.00766006   -0.997677     1.21007
          0           0           0           1
T_world_lidar: 
  -0.978007    0.197219   0.0678764  0.00988206
   0.197281     0.98033 -0.00585951   0.0141334
 -0.0676968  0.00766006   -0.997677     1.21007
          0           0           0           1
v_world_imu: -0.00127032  0.00153885 -0.00941683
frame_64
id: 64
stamp: 1781770462.693358898
T_odom_lidar: 
  -0.977879    0.197909   0.0677059  0.00967623
   0.197898    0.980198 -0.00692776   0.0140833
 -0.0677362  0.00662437   -0.997681     1.21037
          0           0           0           1
T_world_lidar: 
  -0.977879    0.197909   0.0677059  0.00967623
   0.197898    0.980198 -0.00692776   0.0140833
 -0.0677362  0.00662437   -0.997681     1.21037
          0           0           0           1
v_world_imu:  0.00166894  0.00027878 -0.00131676
frame_65
id: 65
stamp: 1781770462.793533564
T_odom_lidar: 
  -0.977979    0.197442    0.067633   0.0098968
   0.197429    0.980293 -0.00694896   0.0139265
 -0.0676722  0.00655679   -0.997686     1.21041
          0           0           0           1
T_world_lidar: 
  -0.977979    0.197442    0.067633   0.0098968
   0.197429    0.980293 -0.00694896   0.0139265
 -0.0676722  0.00655679   -0.997686     1.21041
          0           0           0           1
v_world_imu:   -0.0015839  0.000752499 -1.11973e-05
frame_66
id: 66
stamp: 1781770462.893426180
T_odom_lidar: 
  -0.977923    0.197765   0.0674974  0.00951306
   0.197761    0.980227 -0.00680364   0.0142929
 -0.0675083  0.00669494   -0.997696      1.2099
          0           0           0           1
T_world_lidar: 
  -0.977923    0.197765   0.0674974  0.00951306
   0.197761    0.980227 -0.00680364   0.0142929
 -0.0675083  0.00669494   -0.997696      1.2099
          0           0           0           1
v_world_imu: -0.00442895 -0.00486566  0.00518462
frame_67
id: 67
stamp: 1781770462.993298769
T_odom_lidar: 
  -0.977924    0.197686   0.0677168  0.00947762
   0.197804    0.980229 -0.00503589   0.0140567
 -0.0673735  0.00846991   -0.997692     1.20982
          0           0           0           1
T_world_lidar: 
  -0.977924    0.197686   0.0677168  0.00947762
   0.197804    0.980229 -0.00503589   0.0140567
 -0.0673735  0.00846991   -0.997692     1.20982
          0           0           0           1
v_world_imu: -0.00305808 -0.00435383   0.0118561
frame_68
id: 68
stamp: 1781770463.093056679
T_odom_lidar: 
   -0.97793    0.197744   0.0674553  0.00918384
   0.197685    0.980236 -0.00761828   0.0138596
 -0.0676286  0.00588475   -0.997693     1.21022
          0           0           0           1
T_world_lidar: 
   -0.97793    0.197744   0.0674553  0.00918384
   0.197685    0.980236 -0.00761828   0.0138596
 -0.0676286  0.00588475   -0.997693     1.21022
          0           0           0           1
v_world_imu: -0.00249574 -0.00407783  0.00484216
frame_69
id: 69
stamp: 1781770463.193396807
T_odom_lidar: 
  -0.977994    0.197499   0.0672386  0.00986741
   0.197516    0.980278 -0.00646478   0.0137465
 -0.0671893  0.00695815   -0.997716     1.21006
          0           0           0           1
T_world_lidar: 
  -0.977994    0.197499   0.0672386  0.00986741
   0.197516    0.980278 -0.00646478   0.0137465
 -0.0671893  0.00695815   -0.997716     1.21006
          0           0           0           1
v_world_imu: 0.00232324 0.00195851 -0.0075159
frame_70
id: 70
stamp: 1781770463.293642521
T_odom_lidar: 
  -0.977883    0.197892   0.0677006  0.00883071
   0.198015    0.980187 -0.00496107   0.0123989
  -0.067341  0.00855436   -0.997693     1.20987
          0           0           0           1
T_world_lidar: 
  -0.977883    0.197892   0.0677006  0.00883071
   0.198015    0.980187 -0.00496107   0.0123989
  -0.067341  0.00855436   -0.997693     1.20987
          0           0           0           1
v_world_imu: -0.00312197   0.0172183  -0.0107314
frame_71
id: 71
stamp: 1781770463.393485785
T_odom_lidar: 
  -0.977873    0.198128   0.0671538  0.00884445
   0.198112    0.980155 -0.00697027   0.0129778
 -0.0672021  0.00648791   -0.997718     1.20992
          0           0           0           1
T_world_lidar: 
  -0.977873    0.198128   0.0671538  0.00884445
   0.198112    0.980155 -0.00697027   0.0129778
 -0.0672021  0.00648791   -0.997718     1.20992
          0           0           0           1
v_world_imu:  0.00789044  -0.0144779 -0.00644879
frame_72
id: 72
stamp: 1781770463.492995501
T_odom_lidar: 
   -0.97758    0.198895   0.0691264  0.00610968
   0.198961    0.979989 -0.00599737    0.010232
  -0.068936  0.00789053    -0.99759      1.2098
          0           0           0           1
T_world_lidar: 
   -0.97758    0.198895   0.0691264  0.00610968
   0.198961    0.979989 -0.00599737    0.010232
  -0.068936  0.00789053    -0.99759      1.2098
          0           0           0           1
v_world_imu:  -0.0463034  0.00577052 -0.00747237
frame_73
id: 73
stamp: 1781770463.593599319
T_odom_lidar: 
  -0.976454    0.204873   0.0675594  0.00172492
   0.204766    0.978773 -0.00857879   0.0124735
 -0.0678829  0.00545709   -0.997678     1.20922
          0           0           0           1
T_world_lidar: 
  -0.976454    0.204873   0.0675594  0.00172492
   0.204766    0.978773 -0.00857879   0.0124735
 -0.0678829  0.00545709   -0.997678     1.20922
          0           0           0           1
v_world_imu:  -0.0747158    0.013346 0.000982554
frame_74
id: 74
stamp: 1781770463.693494797
T_odom_lidar: 
  -0.976252     0.20566   0.0680927 -0.00722259
   0.205534    0.978609 -0.00891934   0.0152069
 -0.0684705  0.00528785   -0.997639      1.2093
          0           0           0           1
T_world_lidar: 
  -0.976252     0.20566   0.0680927 -0.00722259
   0.205534    0.978609 -0.00891934   0.0152069
 -0.0684705  0.00528785   -0.997639      1.2093
          0           0           0           1
v_world_imu: -0.112426 0.0343595 0.0227463
frame_75
id: 75
stamp: 1781770463.792994738
T_odom_lidar: 
   -0.98141    0.176406   0.0755974  -0.0149213
   0.176223    0.984308 -0.00914701   0.0210405
 -0.0760247    0.004345   -0.997096     1.20925
          0           0           0           1
T_world_lidar: 
   -0.98141    0.176406   0.0755974  -0.0149213
   0.176223    0.984308 -0.00914701   0.0210405
 -0.0760247    0.004345   -0.997096     1.20925
          0           0           0           1
v_world_imu: -0.0492267  0.0410617 -0.0047907
frame_76
id: 76
stamp: 1781770463.893313408
T_odom_lidar: 
  -0.987037    0.142749    0.073353  -0.0141669
   0.142848    0.989737 -0.00392984   0.0243362
 -0.0731611   0.0065994   -0.997298     1.20937
          0           0           0           1
T_world_lidar: 
  -0.987037    0.142749    0.073353  -0.0141669
   0.142848    0.989737 -0.00392984   0.0243362
 -0.0731611   0.0065994   -0.997298     1.20937
          0           0           0           1
v_world_imu: -0.0119362  0.0476321 0.00601323
frame_77
id: 77
stamp: 1781770463.993078709
T_odom_lidar: 
 -0.990183    0.11621  0.0776673 -0.0203856
  0.116177   0.993216 -0.0049545  0.0324041
-0.0777162 0.00411729  -0.996967    1.20979
         0          0          0          1
