id: 0
T_world_origin: 
  0.916438  -0.400015 -0.0113896   -5.98069
 -0.398061  -0.914145  0.0767274     1.5059
-0.0411039 -0.0657821  -0.996987    1.08479
         0          0          0          1
T_origin_endpoint_L: 
-0.972273 -0.208923  0.105057   6.07528
 0.214363 -0.975792 0.0433442  -1.02256
 0.093458 0.0646627  0.993521 -0.298562
        0         0         0         1
T_origin_endpoint_R: 
-0.957264  0.272826 0.0959755   5.68559
-0.267021 -0.961209 0.0691139  -1.12923
 0.111109 0.0405328  0.992981 -0.275695
        0         0         0         1
T_lidar_imu: 
     1      0      0  0.006
     0      1      0 -0.012
     0      0      1  0.008
     0      0      0      1
imu_bias:   0.00319867 -6.52653e-05  -0.00255118  -0.00674954  -0.00125915   0.00451956
frame_id: 2
num_frames: 1721
frame_0
id: 0
stamp: 1782127786.885956287
T_odom_lidar: 
   -0.97784     0.19813   0.0676239  0.00706561
   0.198236    0.980141 -0.00521164    0.010044
 -0.0673135  0.00830932   -0.997697     1.20849
          0           0           0           1
T_world_lidar: 
   -0.97784     0.19813   0.0676239  0.00706561
   0.198236    0.980141 -0.00521164    0.010044
 -0.0673135  0.00830932   -0.997697     1.20849
          0           0           0           1
v_world_imu:   0.0283817   0.0374524 -0.00289389
frame_1
id: 1
stamp: 1782127786.985570192
T_odom_lidar: 
  -0.977949    0.197907   0.0667042  0.00875182
   0.197911    0.980198 -0.00660973   0.0126265
 -0.0666914  0.00673752   -0.997751     1.20811
          0           0           0           1
T_world_lidar: 
  -0.977949    0.197907   0.0667042  0.00875182
   0.197911    0.980198 -0.00660973   0.0126265
 -0.0666914  0.00673752   -0.997751     1.20811
          0           0           0           1
v_world_imu:  0.00887885   0.0169883 -0.00153193
frame_2
id: 2
stamp: 1782127787.086957216
T_odom_lidar: 
  -0.978058    0.197457   0.0664301  0.00918891
   0.197461    0.980289 -0.00657637   0.0138038
 -0.0664193  0.00668527   -0.997769      1.2079
          0           0           0           1
T_world_lidar: 
  -0.978058    0.197457   0.0664301  0.00918891
   0.197461    0.980289 -0.00657637   0.0138038
 -0.0664193  0.00668527   -0.997769      1.2079
          0           0           0           1
v_world_imu:  0.00337102  0.00609333 -0.00161245
frame_3
id: 3
stamp: 1782127787.185898542
T_odom_lidar: 
  -0.978072    0.197455   0.0662267  0.00950809
   0.197433    0.980292 -0.00693216   0.0140648
 -0.0662902  0.00629519   -0.997781     1.20763
          0           0           0           1
T_world_lidar: 
  -0.978072    0.197455   0.0662267  0.00950809
   0.197433    0.980292 -0.00693216   0.0140648
 -0.0662902  0.00629519   -0.997781     1.20763
          0           0           0           1
v_world_imu:   0.00072014 -0.000129336   -0.0030257
frame_4
id: 4
stamp: 1782127787.285790205
T_odom_lidar: 
   -0.97809    0.197374   0.0661999  0.00929223
   0.197351    0.980308 -0.00695989   0.0138933
   -0.06627   0.0062572   -0.997782     1.20747
          0           0           0           1
T_world_lidar: 
   -0.97809    0.197374   0.0661999  0.00929223
   0.197351    0.980308 -0.00695989   0.0138933
   -0.06627   0.0062572   -0.997782     1.20747
          0           0           0           1
v_world_imu:   -0.004574 -0.00129433 -0.00228729
frame_5
id: 5
stamp: 1782127787.385457039
T_odom_lidar: 
  -0.978036    0.197683    0.066079   0.0088418
   0.197674    0.980245 -0.00673539   0.0137433
 -0.0661051  0.00647466   -0.997792     1.20755
          0           0           0           1
T_world_lidar: 
  -0.978036    0.197683    0.066079   0.0088418
   0.197674    0.980245 -0.00673539   0.0137433
 -0.0661051  0.00647466   -0.997792     1.20755
          0           0           0           1
v_world_imu:   -0.0015288 -0.000376965   0.00144602
frame_6
id: 6
stamp: 1782127787.485882759
T_odom_lidar: 
  -0.978035     0.19758   0.0664105  0.00895452
    0.19756    0.980266 -0.00693674   0.0136869
 -0.0664706  0.00633569   -0.997768     1.20776
          0           0           0           1
T_world_lidar: 
  -0.978035     0.19758   0.0664105  0.00895452
    0.19756    0.980266 -0.00693674   0.0136869
 -0.0664706  0.00633569   -0.997768     1.20776
          0           0           0           1
v_world_imu:    0.0024874 -0.000992452   0.00323533
frame_7
id: 7
stamp: 1782127787.585506201
T_odom_lidar: 
 -0.978056   0.197424  0.0665584 0.00913607
  0.197444   0.980294  -0.006354  0.0135609
-0.0665012 0.00692697  -0.997762    1.20795
         0          0          0          1
T_world_lidar: 
 -0.978056   0.197424  0.0665584 0.00913607
  0.197444   0.980294  -0.006354  0.0135609
-0.0665012 0.00692697  -0.997762    1.20795
         0          0          0          1
v_world_imu:  0.00232557 -0.00160452  0.00275706
frame_8
id: 8
stamp: 1782127787.685731888
T_odom_lidar: 
  -0.978048     0.19757    0.066244  0.00930979
   0.197594    0.980264 -0.00624934   0.0135294
 -0.0661713  0.00697726   -0.997784     1.20795
          0           0           0           1
T_world_lidar: 
  -0.978048     0.19757    0.066244  0.00930979
   0.197594    0.980264 -0.00624934   0.0135294
 -0.0661713  0.00697726   -0.997784     1.20795
          0           0           0           1
v_world_imu: -0.000328191  0.000164663    0.0010028
frame_9
id: 9
stamp: 1782127787.785896778
T_odom_lidar: 
  -0.978013    0.197687   0.0664171  0.00915585
   0.197701    0.980241 -0.00641643   0.0137125
 -0.0663732  0.00685539   -0.997771     1.20793
          0           0           0           1
T_world_lidar: 
  -0.978013    0.197687   0.0664171  0.00915585
   0.197701    0.980241 -0.00641643   0.0137125
 -0.0663732  0.00685539   -0.997771     1.20793
          0           0           0           1
v_world_imu: 0.000189209   0.0015765 0.000228758
frame_10
id: 10
stamp: 1782127787.885554075
T_odom_lidar: 
 -0.978028   0.197521  0.0666767 0.00943227
  0.197546   0.980273  -0.006293  0.0138731
-0.0666044 0.00701696  -0.997755    1.20796
         0          0          0          1
T_world_lidar: 
 -0.978028   0.197521  0.0666767 0.00943227
  0.197546   0.980273  -0.006293  0.0138731
-0.0666044 0.00701696  -0.997755    1.20796
         0          0          0          1
v_world_imu:  0.00256628  0.00192279 -0.00171665
frame_11
id: 11
stamp: 1782127787.985496759
T_odom_lidar: 
  -0.978031    0.197665   0.0662073  0.00959193
   0.197658    0.980248 -0.00671427   0.0140875
 -0.0662267  0.00651964   -0.997783      1.2078
          0           0           0           1
T_world_lidar: 
  -0.978031    0.197665   0.0662073  0.00959193
   0.197658    0.980248 -0.00671427   0.0140875
 -0.0662267  0.00651964   -0.997783      1.2078
          0           0           0           1
v_world_imu: 0.000381949  0.00375814  -0.0031688
frame_12
id: 12
stamp: 1782127788.085858822
T_odom_lidar: 
  -0.977994    0.197635   0.0668435  0.00956962
   0.197634    0.980253 -0.00669696   0.0144099
 -0.0668471  0.00666094   -0.997741     1.20769
          0           0           0           1
T_world_lidar: 
  -0.977994    0.197635   0.0668435  0.00956962
   0.197634    0.980253 -0.00669696   0.0144099
 -0.0668471  0.00666094   -0.997741     1.20769
          0           0           0           1
v_world_imu:    0.0011164   0.00175812 -4.14854e-05
frame_13
id: 13
stamp: 1782127788.186014891
T_odom_lidar: 
 -0.978052   0.197466  0.0664902 0.00975628
  0.197469   0.980287 -0.0065962  0.0143379
 -0.066482 0.00667833  -0.997765    1.20781
         0          0          0          1
T_world_lidar: 
 -0.978052   0.197466  0.0664902 0.00975628
  0.197469   0.980287 -0.0065962  0.0143379
 -0.066482 0.00667833  -0.997765    1.20781
         0          0          0          1
v_world_imu:   0.00230911 -0.000799921   0.00051446
frame_14
id: 14
stamp: 1782127788.285876751
T_odom_lidar: 
  -0.978074    0.197316   0.0666092  0.00986558
   0.197319    0.980317 -0.00659961   0.0143119
 -0.0666003  0.00668834   -0.997757     1.20755
          0           0           0           1
T_world_lidar: 
  -0.978074    0.197316   0.0666092  0.00986558
   0.197319    0.980317 -0.00659961   0.0143119
 -0.0666003  0.00668834   -0.997757     1.20755
          0           0           0           1
v_world_imu:  0.000788851 -0.000666803  -0.00184216
frame_15
id: 15
stamp: 1782127788.385830164
T_odom_lidar: 
  -0.978098    0.197524   0.0656387  0.00989085
   0.197505    0.980278 -0.00683806   0.0143264
 -0.0656949  0.00627567    -0.99782     1.20716
          0           0           0           1
T_world_lidar: 
  -0.978098    0.197524   0.0656387  0.00989085
   0.197505    0.980278 -0.00683806   0.0143264
 -0.0656949  0.00627567    -0.99782     1.20716
          0           0           0           1
v_world_imu:  0.000913043  0.000428666 -0.000528619
frame_16
id: 16
stamp: 1782127788.486963034
T_odom_lidar: 
  -0.978125      0.1974   0.0656158   0.0100551
   0.197338    0.980307 -0.00748801   0.0145184
 -0.0658018  0.00562428   -0.997817     1.20714
          0           0           0           1
T_world_lidar: 
  -0.978125      0.1974   0.0656158   0.0100551
   0.197338    0.980307 -0.00748801   0.0145184
 -0.0658018  0.00562428   -0.997817     1.20714
          0           0           0           1
v_world_imu:  0.00146334 0.000131778  0.00256504
frame_17
id: 17
stamp: 1782127788.585572958
T_odom_lidar: 
  -0.978122    0.197163    0.066356   0.0101315
    0.19715     0.98035 -0.00681778   0.0143615
 -0.0663963  0.00641343   -0.997773      1.2075
          0           0           0           1
T_world_lidar: 
  -0.978122    0.197163    0.066356   0.0101315
    0.19715     0.98035 -0.00681778   0.0143615
 -0.0663963  0.00641343   -0.997773      1.2075
          0           0           0           1
v_world_imu: -0.000592019  -0.00403522   0.00211764
frame_18
id: 18
stamp: 1782127788.685742378
T_odom_lidar: 
  -0.977996    0.197876    0.066104   0.0100411
   0.197856    0.980207 -0.00691396   0.0137628
 -0.0661637  0.00631724   -0.997789     1.20775
          0           0           0           1
T_world_lidar: 
  -0.977996    0.197876    0.066104   0.0100411
   0.197856    0.980207 -0.00691396   0.0137628
 -0.0661637  0.00631724   -0.997789     1.20775
          0           0           0           1
v_world_imu: -0.000951512  -0.00348335  6.41054e-05
frame_19
id: 19
stamp: 1782127788.785502672
T_odom_lidar: 
  -0.978059    0.197552   0.0661419   0.0100434
   0.197582    0.980267 -0.00615684   0.0135939
  -0.066053  0.00704667   -0.997791     1.20788
          0           0           0           1
T_world_lidar: 
  -0.978059    0.197552   0.0661419   0.0100434
   0.197582    0.980267 -0.00615684   0.0135939
  -0.066053  0.00704667   -0.997791     1.20788
          0           0           0           1
v_world_imu:    0.0014782 -0.000179115 -0.000103408
frame_20
id: 20
stamp: 1782127788.885923862
T_odom_lidar: 
  -0.978042    0.197564   0.0663492    0.010182
   0.197555    0.980269 -0.00677074   0.0135331
 -0.0663777  0.00648552   -0.997773     1.20786
          0           0           0           1
T_world_lidar: 
  -0.978042    0.197564   0.0663492    0.010182
   0.197555    0.980269 -0.00677074   0.0135331
 -0.0663777  0.00648552   -0.997773     1.20786
          0           0           0           1
v_world_imu:  0.000394361 -8.86217e-05 -0.000541541
frame_21
id: 21
stamp: 1782127788.985804558
T_odom_lidar: 
  -0.978053     0.19757   0.0661654  0.00998513
   0.197523    0.980271 -0.00732002    0.013571
 -0.0663062  0.00590983   -0.997782     1.20765
          0           0           0           1
T_world_lidar: 
  -0.978053     0.19757   0.0661654  0.00998513
   0.197523    0.980271 -0.00732002    0.013571
 -0.0663062  0.00590983   -0.997782     1.20765
          0           0           0           1
v_world_imu: -0.00244905 1.32983e-05 0.000471577
frame_22
id: 22
stamp: 1782127789.086019754
T_odom_lidar: 
  -0.978035    0.197664   0.0661485  0.00974568
   0.197655    0.980248 -0.00675353   0.0136196
 -0.0661769  0.00646937   -0.997787      1.2076
          0           0           0           1
T_world_lidar: 
  -0.978035    0.197664   0.0661485  0.00974568
   0.197655    0.980248 -0.00675353   0.0136196
 -0.0661769  0.00646937   -0.997787      1.2076
          0           0           0           1
v_world_imu: -0.000803669  1.56758e-05   0.00188184
frame_23
id: 23
stamp: 1782127789.185469389
T_odom_lidar: 
  -0.978031    0.197627   0.0663237  0.00980166
   0.197623    0.980255 -0.00669036   0.0137478
 -0.0663364  0.00656371   -0.997776     1.20763
          0           0           0           1
T_world_lidar: 
  -0.978031    0.197627   0.0663237  0.00980166
   0.197623    0.980255 -0.00669036   0.0137478
 -0.0663364  0.00656371   -0.997776     1.20763
          0           0           0           1
v_world_imu: 0.000705284   0.0014022 0.000284384
frame_24
id: 24
stamp: 1782127789.285854340
T_odom_lidar: 
  -0.978026    0.197485   0.0668252   0.0098666
   0.197484    0.980283 -0.00669443   0.0139683
 -0.0668297  0.00664958   -0.997742     1.20756
          0           0           0           1
T_world_lidar: 
  -0.978026    0.197485   0.0668252   0.0098666
   0.197484    0.980283 -0.00669443   0.0139683
 -0.0668297  0.00664958   -0.997742     1.20756
          0           0           0           1
v_world_imu: 0.000139778  0.00174504 -0.00194865
frame_25
id: 25
stamp: 1782127789.386023998
T_odom_lidar: 
  -0.978142     0.19719   0.0659849  0.00990072
   0.197167    0.980345 -0.00692756   0.0140234
  -0.066054  0.00623392   -0.997797     1.20747
          0           0           0           1
T_world_lidar: 
  -0.978142     0.19719   0.0659849  0.00990072
   0.197167    0.980345 -0.00692756   0.0140234
  -0.066054  0.00623392   -0.997797     1.20747
          0           0           0           1
v_world_imu: 0.000592654  0.00014005 -0.00212122
frame_26
id: 26
stamp: 1782127789.485911608
T_odom_lidar: 
  -0.978082    0.197474   0.0660202   0.0100652
   0.197489    0.980284 -0.00637396   0.0139126
 -0.0659773  0.00680398   -0.997798     1.20749
          0           0           0           1
T_world_lidar: 
  -0.978082    0.197474   0.0660202   0.0100652
   0.197489    0.980284 -0.00637396   0.0139126
 -0.0659773  0.00680398   -0.997798     1.20749
          0           0           0           1
v_world_imu:   0.00282149  0.000347231 -0.000684089
frame_27
id: 27
stamp: 1782127789.585609674
T_odom_lidar: 
  -0.978089    0.197442   0.0660144   0.0103159
   0.197441    0.980293 -0.00660022   0.0139327
 -0.0660166  0.00657832   -0.997797     1.20753
          0           0           0           1
T_world_lidar: 
  -0.978089    0.197442   0.0660144   0.0103159
   0.197441    0.980293 -0.00660022   0.0139327
 -0.0660166  0.00657832   -0.997797     1.20753
          0           0           0           1
v_world_imu:  0.000923326 -0.000775452   0.00089845
frame_28
id: 28
stamp: 1782127789.685531855
T_odom_lidar: 
  -0.978074    0.197481   0.0661228   0.0101496
   0.197479    0.980285 -0.00663236   0.0137221
  -0.066129  0.00657094   -0.997789     1.20757
          0           0           0           1
T_world_lidar: 
  -0.978074    0.197481   0.0661228   0.0101496
   0.197479    0.980285 -0.00663236   0.0137221
  -0.066129  0.00657094   -0.997789     1.20757
          0           0           0           1
v_world_imu: -0.00137439 -0.00192656  0.00300775
frame_29
id: 29
stamp: 1782127789.785458803
T_odom_lidar: 
  -0.978012    0.197668   0.0664865   0.0100696
   0.197678    0.980245 -0.00649606   0.0136811
 -0.0664571   0.0067897   -0.997766     1.20779
          0           0           0           1
T_world_lidar: 
  -0.978012    0.197668   0.0664865   0.0100696
   0.197678    0.980245 -0.00649606   0.0136811
 -0.0664571   0.0067897   -0.997766     1.20779
          0           0           0           1
v_world_imu: 0.000590118 -0.00112754  0.00449502
frame_30
id: 30
stamp: 1782127789.885789394
T_odom_lidar: 
  -0.97807   0.197402  0.0664188  0.0102063
  0.197427   0.980298 -0.0062506  0.0136493
 -0.066344 0.00699932  -0.997772    1.20802
         0          0          0          1
T_world_lidar: 
  -0.97807   0.197402  0.0664188  0.0102063
  0.197427   0.980298 -0.0062506  0.0136493
 -0.066344 0.00699932  -0.997772    1.20802
         0          0          0          1
v_world_imu:  0.00130024 0.000115015  0.00258619
frame_31
id: 31
stamp: 1782127789.985512018
T_odom_lidar: 
  -0.978029    0.197487   0.0667746   0.0102875
   0.197515     0.98028 -0.00624503   0.0139007
 -0.0666911  0.00708118   -0.997749     1.20809
          0           0           0           1
T_world_lidar: 
  -0.978029    0.197487   0.0667746   0.0102875
   0.197515     0.98028 -0.00624503   0.0139007
 -0.0666911  0.00708118   -0.997749     1.20809
          0           0           0           1
v_world_imu: -0.00098077  0.00496396 -0.00201459
frame_32
id: 32
stamp: 1782127790.085840464
T_odom_lidar: 
  -0.978071    0.197325   0.0666371   0.0101328
   0.197366    0.980311 -0.00603884   0.0144933
 -0.0665167  0.00724549   -0.997759     1.20787
          0           0           0           1
T_world_lidar: 
  -0.978071    0.197325   0.0666371   0.0101328
   0.197366    0.980311 -0.00603884   0.0144933
 -0.0665167  0.00724549   -0.997759     1.20787
          0           0           0           1
v_world_imu: -0.000890675   0.00522489  -0.00364233
frame_33
id: 33
stamp: 1782127790.185794115
T_odom_lidar: 
   -0.97814    0.197042   0.0664576   0.0102038
   0.197054    0.980371 -0.00642654   0.0147447
 -0.0664194   0.0068097   -0.997769     1.20775
          0           0           0           1
T_world_lidar: 
   -0.97814    0.197042   0.0664576   0.0102038
   0.197054    0.980371 -0.00642654   0.0147447
 -0.0664194   0.0068097   -0.997769     1.20775
          0           0           0           1
v_world_imu:   0.0019537  0.00196877 -0.00191932
frame_34
id: 34
stamp: 1782127790.285819292
T_odom_lidar: 
  -0.978058    0.197451   0.0664453   0.0104671
   0.197434    0.980292 -0.00689723   0.0148245
 -0.0664977  0.00637264   -0.997766     1.20776
          0           0           0           1
T_world_lidar: 
  -0.978058    0.197451   0.0664453   0.0104671
   0.197434    0.980292 -0.00689723   0.0148245
 -0.0664977  0.00637264   -0.997766     1.20776
          0           0           0           1
v_world_imu: 0.00332839 0.00118749 0.00162531
frame_35
id: 35
stamp: 1782127790.385840178
T_odom_lidar: 
  -0.978087     0.19732   0.0664092   0.0107308
   0.197315    0.980317 -0.00669883   0.0149826
 -0.0664239  0.00655146    -0.99777     1.20797
          0           0           0           1
T_world_lidar: 
  -0.978087     0.19732   0.0664092   0.0107308
   0.197315    0.980317 -0.00669883   0.0149826
 -0.0664239  0.00655146    -0.99777     1.20797
          0           0           0           1
v_world_imu: 0.00287665 0.00275465 0.00286075
frame_36
id: 36
stamp: 1782127790.485745192
T_odom_lidar: 
   -0.97808    0.197297   0.0665896   0.0109676
   0.197326    0.980318 -0.00621282    0.015399
 -0.0665048  0.00706323   -0.997761     1.20793
          0           0           0           1
T_world_lidar: 
   -0.97808    0.197297   0.0665896   0.0109676
   0.197326    0.980318 -0.00621282    0.015399
 -0.0665048  0.00706323   -0.997761     1.20793
          0           0           0           1
v_world_imu: 0.00288944 0.00266332 0.00107496
frame_37
id: 37
stamp: 1782127790.685994387
T_odom_lidar: 
  -0.978024    0.197689   0.0662418   0.0114617
   0.197722    0.980239 -0.00611086   0.0155611
 -0.0661408   0.0071209   -0.997785      1.2078
          0           0           0           1
T_world_lidar: 
  -0.978024    0.197689   0.0662418   0.0114617
   0.197722    0.980239 -0.00611086   0.0155611
 -0.0661408   0.0071209   -0.997785      1.2078
          0           0           0           1
v_world_imu: -0.00135856  -0.0011725 -0.00179172
frame_38
id: 38
stamp: 1782127790.785842896
T_odom_lidar: 
  -0.978083    0.197181   0.0668824   0.0111415
   0.197234    0.980339 -0.00587381   0.0154024
 -0.0667256  0.00744642   -0.997744     1.20773
          0           0           0           1
T_world_lidar: 
  -0.978083    0.197181   0.0668824   0.0111415
   0.197234    0.980339 -0.00587381   0.0154024
 -0.0667256  0.00744642   -0.997744     1.20773
          0           0           0           1
v_world_imu: -0.00201652  0.00118233 -0.00340144
frame_39
id: 39
stamp: 1782127790.885529280
T_odom_lidar: 
  -0.978114    0.197221   0.0663049   0.0111563
   0.197203    0.980339 -0.00687137   0.0156581
 -0.0663564  0.00635456   -0.997776     1.20745
          0           0           0           1
T_world_lidar: 
  -0.978114    0.197221   0.0663049   0.0111563
   0.197203    0.980339 -0.00687137   0.0156581
 -0.0663564  0.00635456   -0.997776     1.20745
          0           0           0           1
v_world_imu:  0.00130901  0.00162676 -0.00301029
frame_40
id: 40
stamp: 1782127790.985961914
T_odom_lidar: 
   -0.97813    0.197225    0.066061   0.0112465
   0.197171    0.980341 -0.00740971   0.0155774
 -0.0662237  0.00577763   -0.997788     1.20727
          0           0           0           1
T_world_lidar: 
   -0.97813    0.197225    0.066061   0.0112465
   0.197171    0.980341 -0.00740971   0.0155774
 -0.0662237  0.00577763   -0.997788     1.20727
          0           0           0           1
v_world_imu:  -0.00021247 -0.000879807   0.00020279
frame_41
id: 41
stamp: 1782127791.085804462
T_odom_lidar: 
  -0.978085    0.197286   0.0665459   0.0110378
   0.197267    0.980325 -0.00692288   0.0155999
 -0.0666024  0.00635617   -0.997759     1.20727
          0           0           0           1
T_world_lidar: 
  -0.978085    0.197286   0.0665459   0.0110378
   0.197267    0.980325 -0.00692288   0.0155999
 -0.0666024  0.00635617   -0.997759     1.20727
          0           0           0           1
v_world_imu: -0.000776108   0.00075538   0.00187899
frame_42
id: 42
stamp: 1782127791.185719728
T_odom_lidar: 
  -0.978104    0.197355   0.0660594   0.0111098
   0.197339    0.980311 -0.00684272   0.0157999
 -0.0661093   0.0063432   -0.997792     1.20723
          0           0           0           1
T_world_lidar: 
  -0.978104    0.197355   0.0660594   0.0111098
   0.197339    0.980311 -0.00684272   0.0157999
 -0.0661093   0.0063432   -0.997792     1.20723
          0           0           0           1
v_world_imu:  0.000813607 -6.33484e-05   0.00174955
frame_43
id: 43
stamp: 1782127791.285937548
T_odom_lidar: 
 -0.978135   0.197062  0.0664736  0.0111034
  0.197059   0.980369 -0.0066595  0.0156573
 -0.066481 0.00658536  -0.997766    1.20734
         0          0          0          1
T_world_lidar: 
 -0.978135   0.197062  0.0664736  0.0111034
  0.197059   0.980369 -0.0066595  0.0156573
 -0.066481 0.00658536  -0.997766    1.20734
         0          0          0          1
v_world_imu: -0.00227401 -0.00358074  0.00145956
frame_44
id: 44
stamp: 1782127791.385735273
T_odom_lidar: 
  -0.978108    0.197218   0.0664122   0.0107579
   0.197208    0.980338 -0.00677422    0.015233
 -0.0664424  0.00647107   -0.997769     1.20753
          0           0           0           1
T_world_lidar: 
  -0.978108    0.197218   0.0664122   0.0107579
   0.197208    0.980338 -0.00677422    0.015233
 -0.0664424  0.00647107   -0.997769     1.20753
          0           0           0           1
v_world_imu: -0.00333005  -0.0027656 0.000390935
frame_45
id: 45
stamp: 1782127791.485530376
T_odom_lidar: 
  -0.978102    0.197326   0.0661776   0.0106134
   0.197347    0.980313 -0.00628726   0.0150622
 -0.0661154   0.0069104   -0.997788     1.20768
          0           0           0           1
T_world_lidar: 
  -0.978102    0.197326   0.0661776   0.0106134
   0.197347    0.980313 -0.00628726   0.0150622
 -0.0661154   0.0069104   -0.997788     1.20768
          0           0           0           1
v_world_imu:  -0.00019552 -0.000195971  -0.00186645
frame_46
id: 46
stamp: 1782127791.585527897
T_odom_lidar: 
  -0.978118    0.197233   0.0662082   0.0106402
   0.197225    0.980335 -0.00672509   0.0150349
 -0.0662326  0.00647997   -0.997783     1.20748
          0           0           0           1
T_world_lidar: 
  -0.978118    0.197233   0.0662082   0.0106402
   0.197225    0.980335 -0.00672509   0.0150349
 -0.0662326  0.00647997   -0.997783     1.20748
          0           0           0           1
v_world_imu:  0.00107576  0.00100161 -0.00270793
frame_47
id: 47
stamp: 1782127791.685794592
T_odom_lidar: 
 -0.978137   0.197168  0.0661239  0.0107094
  0.197139    0.98035 -0.0070324  0.0151624
-0.0662111 0.00615694  -0.997787    1.20726
         0          0          0          1
T_world_lidar: 
 -0.978137   0.197168  0.0661239  0.0107094
  0.197139    0.98035 -0.0070324  0.0151624
-0.0662111 0.00615694  -0.997787    1.20726
         0          0          0          1
v_world_imu:  0.000861155   0.00124683 -0.000261046
frame_48
id: 48
stamp: 1782127791.785776138
T_odom_lidar: 
  -0.978053    0.197505   0.0663639   0.0106892
   0.197491    0.980281 -0.00684131   0.0152726
 -0.0664065   0.0064151   -0.997772     1.20726
          0           0           0           1
T_world_lidar: 
  -0.978053    0.197505   0.0663639   0.0106892
   0.197491    0.980281 -0.00684131   0.0152726
 -0.0664065   0.0064151   -0.997772     1.20726
          0           0           0           1
v_world_imu:  -0.00144423 -0.000285968   0.00331081
frame_49
id: 49
stamp: 1782127791.885874271
T_odom_lidar: 
  -0.978041    0.197709   0.0659268   0.0104256
   0.197708    0.980239 -0.00661283   0.0151892
 -0.0659314  0.00656661   -0.997803     1.20747
          0           0           0           1
T_world_lidar: 
  -0.978041    0.197709   0.0659268   0.0104256
   0.197708    0.980239 -0.00661283   0.0151892
 -0.0659314  0.00656661   -0.997803     1.20747
          0           0           0           1
v_world_imu: -0.00189747 -0.00260702   0.0037663
frame_50
id: 50
stamp: 1782127791.985823393
T_odom_lidar: 
  -0.978207    0.196812   0.0661566   0.0103103
   0.196804     0.98042 -0.00669621   0.0148338
 -0.0661791   0.0064696   -0.997787     1.20764
          0           0           0           1
T_world_lidar: 
  -0.978207    0.196812   0.0661566   0.0103103
   0.196804     0.98042 -0.00669621   0.0148338
 -0.0661791   0.0064696   -0.997787     1.20764
          0           0           0           1
v_world_imu: -0.000974665  -0.00807268    0.0014717
frame_51
id: 51
stamp: 1782127792.085511684
T_odom_lidar: 
  -0.978046    0.197477   0.0665551   0.0101385
   0.197502    0.980282 -0.00627014   0.0136802
  -0.066481  0.00701228   -0.997763      1.2078
          0           0           0           1
T_world_lidar: 
  -0.978046    0.197477   0.0665551   0.0101385
   0.197502    0.980282 -0.00627014   0.0136802
  -0.066481  0.00701228   -0.997763      1.2078
          0           0           0           1
v_world_imu: -0.00584355  -0.0112646  0.00177296
frame_52
id: 52
stamp: 1782127792.185843468
T_odom_lidar: 
  -0.977868    0.198402   0.0664079  0.00934424
    0.19844    0.980094 -0.00609359   0.0127338
  -0.066295  0.00721928   -0.997774     1.20826
          0           0           0           1
T_world_lidar: 
  -0.977868    0.198402   0.0664079  0.00934424
    0.19844    0.980094 -0.00609359   0.0127338
  -0.066295  0.00721928   -0.997774     1.20826
          0           0           0           1
v_world_imu: -0.00592665  -0.0045042  0.00239651
frame_53
id: 53
stamp: 1782127792.285792351
T_odom_lidar: 
  -0.977886    0.198208    0.066723  0.00914601
   0.198264    0.980131 -0.00584517   0.0125703
 -0.0665559  0.00751285   -0.997754     1.20849
          0           0           0           1
T_world_lidar: 
  -0.977886    0.198208    0.066723  0.00914601
   0.198264    0.980131 -0.00584517   0.0125703
 -0.0665559  0.00751285   -0.997754     1.20849
          0           0           0           1
v_world_imu:   0.00109576  0.000165163 -0.000660136
frame_54
id: 54
stamp: 1782127792.385564804
T_odom_lidar: 
  -0.977913     0.19802   0.0668927  0.00933279
   0.198067     0.98017 -0.00599813   0.0125025
  -0.066754  0.00738359   -0.997742     1.20833
          0           0           0           1
T_world_lidar: 
  -0.977913     0.19802   0.0668927  0.00933279
   0.198067     0.98017 -0.00599813   0.0125025
  -0.066754  0.00738359   -0.997742     1.20833
          0           0           0           1
v_world_imu:     0.00231 -0.00171423 -0.00014545
frame_55
id: 55
stamp: 1782127792.485486984
T_odom_lidar: 
  -0.977928    0.197806   0.0673039  0.00937618
   0.197874    0.980211 -0.00572156   0.0122559
 -0.0671038  0.00772243   -0.997716     1.20837
          0           0           0           1
T_world_lidar: 
  -0.977928    0.197806   0.0673039  0.00937618
   0.197874    0.980211 -0.00572156   0.0122559
 -0.0671038  0.00772243   -0.997716     1.20837
          0           0           0           1
v_world_imu: -0.000994989  -0.00335337   0.00270675
frame_56
id: 56
stamp: 1782127792.585539579
T_odom_lidar: 
  -0.977944    0.197879   0.0668542   0.0090586
   0.197908    0.980201 -0.00624902   0.0119535
 -0.0667671  0.00711979   -0.997743     1.20839
          0           0           0           1
T_world_lidar: 
  -0.977944    0.197879   0.0668542   0.0090586
   0.197908    0.980201 -0.00624902   0.0119535
 -0.0667671  0.00711979   -0.997743     1.20839
          0           0           0           1
v_world_imu: -0.00477307 -0.00456242  -0.0001417
frame_57
id: 57
stamp: 1782127792.685535192
T_odom_lidar: 
 -0.977888     0.1983  0.0664282 0.00855044
  0.198286    0.98012 -0.0068812  0.0115493
-0.0664721 0.00644272  -0.997767    1.20801
         0          0          0          1
T_world_lidar: 
 -0.977888     0.1983  0.0664282 0.00855044
  0.198286    0.98012 -0.0068812  0.0115493
-0.0664721 0.00644272  -0.997767    1.20801
         0          0          0          1
v_world_imu: -0.00462508 -0.00332859 -0.00215714
frame_58
id: 58
stamp: 1782127792.785466909
T_odom_lidar: 
  -0.97793   0.198149  0.0662505 0.00819191
   0.19813   0.980151 -0.0069227   0.011405
-0.0663072 0.00635629  -0.997779    1.20794
         0          0          0          1
T_world_lidar: 
  -0.97793   0.198149  0.0662505 0.00819191
   0.19813   0.980151 -0.0069227   0.011405
-0.0663072 0.00635629  -0.997779    1.20794
         0          0          0          1
v_world_imu:  -0.00418226 -0.000291412  -0.00207949
frame_59
id: 59
stamp: 1782127792.885901928
T_odom_lidar: 
  -0.977903    0.198211   0.0664664  0.00772132
   0.198209    0.980137 -0.00669463   0.0113775
 -0.0664731  0.00662752   -0.997766     1.20772
          0           0           0           1
T_world_lidar: 
  -0.977903    0.198211   0.0664664  0.00772132
   0.198209    0.980137 -0.00669463   0.0113775
 -0.0664731  0.00662752   -0.997766     1.20772
          0           0           0           1
v_world_imu: -0.00485864 0.000115475 -0.00457628
frame_60
id: 60
stamp: 1782127792.985518456
T_odom_lidar: 
  -0.977853    0.198327   0.0668509  0.00731715
   0.198298    0.980116 -0.00714102   0.0112756
 -0.0669379  0.00627353   -0.997737     1.20747
          0           0           0           1
T_world_lidar: 
  -0.977853    0.198327   0.0668509  0.00731715
   0.198298    0.980116 -0.00714102   0.0112756
 -0.0669379  0.00627353   -0.997737     1.20747
          0           0           0           1
v_world_imu:  -0.00204029 -0.000640464 -9.40934e-05
frame_61
id: 61
stamp: 1782127793.085495710
T_odom_lidar: 
 -0.977923   0.198017  0.0667502 0.00721591
  0.198027   0.980175 -0.0065403  0.0111776
 -0.066722  0.0068224  -0.997748    1.20781
         0          0          0          1
T_world_lidar: 
 -0.977923   0.198017  0.0667502 0.00721591
  0.198027   0.980175 -0.0065403  0.0111776
 -0.066722  0.0068224  -0.997748    1.20781
         0          0          0          1
v_world_imu: -0.000618204 -0.000438996   0.00283607
frame_62
id: 62
stamp: 1782127793.185800552
T_odom_lidar: 
  -0.977913    0.197894   0.0672591  0.00704378
   0.197969    0.980192 -0.00562629   0.0111282
 -0.0670403  0.00781318    -0.99772     1.20784
          0           0           0           1
T_world_lidar: 
  -0.977913    0.197894   0.0672591  0.00704378
   0.197969    0.980192 -0.00562629   0.0111282
 -0.0670403  0.00781318    -0.99772     1.20784
          0           0           0           1
v_world_imu: -0.00130339 -0.00185993 0.000116255
frame_63
id: 63
stamp: 1782127793.285747290
T_odom_lidar: 
  -0.977981    0.197801   0.0665406  0.00698279
   0.197777    0.980222 -0.00702185   0.0109424
 -0.0666134  0.00629294   -0.997759     1.20762
          0           0           0           1
T_world_lidar: 
  -0.977981    0.197801   0.0665406  0.00698279
   0.197777    0.980222 -0.00702185   0.0109424
 -0.0666134  0.00629294   -0.997759     1.20762
          0           0           0           1
v_world_imu:  0.00167519 -0.00218933 0.000370786
frame_64
id: 64
stamp: 1782127793.385487795
T_odom_lidar: 
  -0.977993    0.197768   0.0664612  0.00740714
   0.197735     0.98023 -0.00713021   0.0109157
 -0.0665574  0.00616843   -0.997764     1.20759
          0           0           0           1
T_world_lidar: 
  -0.977993    0.197768   0.0664612  0.00740714
   0.197735     0.98023 -0.00713021   0.0109157
 -0.0665574  0.00616843   -0.997764     1.20759
          0           0           0           1
v_world_imu:   0.00566543  0.000697668 -0.000193491
frame_65
id: 65
stamp: 1782127793.485796928
T_odom_lidar: 
  -0.978018    0.197651   0.0664521  0.00793683
   0.197629    0.980252 -0.00697332   0.0111505
 -0.0665181  0.00631281   -0.997765     1.20746
          0           0           0           1
T_world_lidar: 
  -0.978018    0.197651   0.0664521  0.00793683
   0.197629    0.980252 -0.00697332   0.0111505
 -0.0665181  0.00631281   -0.997765     1.20746
          0           0           0           1
v_world_imu:   0.0012238  0.00353013 -0.00190097
frame_66
id: 66
stamp: 1782127793.585652828
T_odom_lidar: 
  -0.978029    0.197782   0.0658968  0.00769312
    0.19773    0.980229 -0.00736497    0.011542
 -0.0660506  0.00582664   -0.997799     1.20737
          0           0           0           1
T_world_lidar: 
  -0.978029    0.197782   0.0658968  0.00769312
    0.19773    0.980229 -0.00736497    0.011542
 -0.0660506  0.00582664   -0.997799     1.20737
          0           0           0           1
v_world_imu: -0.00346144  0.00390651 -0.00116792
frame_67
id: 67
stamp: 1782127793.685464382
T_odom_lidar: 
 -0.978045    0.19762  0.0661416 0.00739833
  0.197578    0.98026  -0.007238  0.0117442
-0.0662663 0.00598904  -0.997784    1.20746
         0          0          0          1
T_world_lidar: 
 -0.978045    0.19762  0.0661416 0.00739833
  0.197578    0.98026  -0.007238  0.0117442
-0.0662663 0.00598904  -0.997784    1.20746
         0          0          0          1
v_world_imu:  -0.00233185  0.000669212 -7.05947e-05
frame_68
id: 68
stamp: 1782127793.785874605
T_odom_lidar: 
 -0.978058   0.197536  0.0662043 0.00715399
  0.197524   0.980275 -0.0067872  0.0115701
-0.0662391 0.00643867  -0.997783     1.2075
         0          0          0          1
T_world_lidar: 
 -0.978058   0.197536  0.0662043 0.00715399
  0.197524   0.980275 -0.0067872  0.0115701
-0.0662391 0.00643867  -0.997783     1.2075
         0          0          0          1
v_world_imu: -0.00201066 -0.00292374  0.00111801
frame_69
id: 69
stamp: 1782127793.885482073
T_odom_lidar: 
  -0.977917    0.198125   0.0665244  0.00691669
   0.198133    0.980153 -0.00654465   0.0112314
 -0.0665008  0.00678058   -0.997763     1.20761
          0           0           0           1
T_world_lidar: 
  -0.977917    0.198125   0.0665244  0.00691669
   0.198133    0.980153 -0.00654465   0.0112314
 -0.0665008  0.00678058   -0.997763     1.20761
          0           0           0           1
v_world_imu: -0.00205389 -0.00242723  0.00121308
frame_70
id: 70
stamp: 1782127793.985483885
T_odom_lidar: 
  -0.977912    0.198285   0.0661206  0.00679474
   0.198237    0.980126 -0.00735178   0.0111995
 -0.0662643  0.00591818   -0.997785     1.20751
          0           0           0           1
T_world_lidar: 
  -0.977912    0.198285   0.0661206  0.00679474
   0.198237    0.980126 -0.00735178   0.0111995
 -0.0662643  0.00591818   -0.997785     1.20751
          0           0           0           1
v_world_imu:    0.0015166 -0.000595182   0.00171357
frame_71
id: 71
stamp: 1782127794.085866451
T_odom_lidar: 
  -0.977924    0.198183   0.0662422   0.0071753
   0.198175    0.980143 -0.00675264    0.011151
 -0.0662651    0.006524   -0.997781     1.20772
          0           0           0           1
T_world_lidar: 
  -0.977924    0.198183   0.0662422   0.0071753
   0.198175    0.980143 -0.00675264    0.011151
 -0.0662651    0.006524   -0.997781     1.20772
          0           0           0           1
v_world_imu:  0.00376579 -0.00226674  0.00315249
frame_72
id: 72
stamp: 1782127794.185744762
T_odom_lidar: 
  -0.977852    0.198296   0.0669575  0.00743461
   0.198313    0.980117 -0.00645779   0.0108929
 -0.0669068  0.00696378   -0.997735     1.20798
          0           0           0           1
T_world_lidar: 
  -0.977852    0.198296   0.0669575  0.00743461
   0.198313    0.980117 -0.00645779   0.0108929
 -0.0669068  0.00696378   -0.997735     1.20798
          0           0           0           1
v_world_imu:   0.00101796 -0.000966111   0.00170211
frame_73
id: 73
stamp: 1782127794.285896301
T_odom_lidar: 
  -0.977954    0.197928   0.0665669  0.00753743
   0.197922    0.980195 -0.00674353   0.0110144
 -0.0665832  0.00658019   -0.997759     1.20804
          0           0           0           1
T_world_lidar: 
  -0.977954    0.197928   0.0665669  0.00753743
   0.197922    0.980195 -0.00674353   0.0110144
 -0.0665832  0.00658019   -0.997759     1.20804
          0           0           0           1
v_world_imu:   0.00289826   0.00108504 -0.000543699
frame_74
id: 74
stamp: 1782127794.385830879
T_odom_lidar: 
  -0.977915    0.198139   0.0665108  0.00803091
   0.198115    0.980154 -0.00702866   0.0109557
 -0.0665835  0.00630336   -0.997761     1.20801
          0           0           0           1
T_world_lidar: 
  -0.977915    0.198139   0.0665108  0.00803091
   0.198115    0.980154 -0.00702866   0.0109557
 -0.0665835  0.00630336   -0.997761     1.20801
          0           0           0           1
v_world_imu:  0.00554742 0.000139615 -0.00178076
frame_75
id: 75
stamp: 1782127794.486037254
T_odom_lidar: 
  -0.977926    0.198161   0.0662749  0.00846602
   0.198137    0.980149 -0.00701066   0.0110171
 -0.0663485  0.00627558   -0.997777     1.20789
          0           0           0           1
T_world_lidar: 
  -0.977926    0.198161   0.0662749  0.00846602
   0.198137    0.980149 -0.00701066   0.0110171
 -0.0663485  0.00627558   -0.997777     1.20789
          0           0           0           1
v_world_imu:   0.00227895   0.00163133 -0.000197344
frame_76
id: 76
stamp: 1782127794.585663080
T_odom_lidar: 
  -0.977946    0.198022   0.0664025  0.00843463
    0.19801    0.980176 -0.00683484   0.0112502
 -0.0664396  0.00646423    -0.99777     1.20791
          0           0           0           1
T_world_lidar: 
  -0.977946    0.198022   0.0664025  0.00843463
    0.19801    0.980176 -0.00683484   0.0112502
 -0.0664396  0.00646423    -0.99777     1.20791
          0           0           0           1
v_world_imu: -0.000362961    0.0016214   0.00260689
frame_77
id: 77
stamp: 1782127794.685844660
T_odom_lidar: 
  -0.977969    0.197964    0.066239  0.00847155
   0.197945    0.980189 -0.00692676   0.0113696
  -0.066298   0.0063375    -0.99778     1.20829
          0           0           0           1
T_world_lidar: 
  -0.977969    0.197964    0.066239  0.00847155
