id: 0
T_world_origin: 
  -0.886233    -0.45907   0.0620126    -8.15164
  -0.460394    0.887676 -0.00825071    -1.66618
 -0.0512594  -0.0358623   -0.998041    0.914388
          0           0           0           1
T_origin_endpoint_L: 
   0.778779   -0.627266 -0.00639034    -8.00516
    0.62728    0.778794 0.000109585     -2.2736
 0.00490802 -0.00409388     0.99998    0.206669
          0           0           0           1
T_origin_endpoint_R: 
-0.852911  0.514963 0.0857686  -2.87509
-0.508923 -0.856775  0.083268  -5.64916
 0.116364 0.0273706  0.992829  0.310481
        0         0         0         1
T_lidar_imu: 
     1      0      0  0.006
     0      1      0 -0.012
     0      0      1  0.008
     0      0      0      1
imu_bias:  0.000728192  0.000127595 -0.000898634  -0.00306761 -0.000671934     0.001586
frame_id: 2
num_frames: 633
frame_0
id: 0
stamp: 1782119897.690622330
T_odom_lidar: 
   -0.97784     0.19813   0.0676243   0.0070656
   0.198236    0.980141 -0.00521119    0.010044
 -0.0673138  0.00830985   -0.997697     1.20849
          0           0           0           1
T_world_lidar: 
   -0.97784     0.19813   0.0676243   0.0070656
   0.198236    0.980141 -0.00521119    0.010044
 -0.0673138  0.00830985   -0.997697     1.20849
          0           0           0           1
v_world_imu:   0.0943092    0.074839 -0.00674694
frame_1
id: 1
stamp: 1782119897.790625095
T_odom_lidar: 
  -0.978155    0.197971     0.06341    0.014787
   0.197873    0.980196 -0.00788399    0.016203
 -0.0637151  0.00483541   -0.997956     1.20754
          0           0           0           1
T_world_lidar: 
  -0.978155    0.197971     0.06341    0.014787
   0.197873    0.980196 -0.00788399    0.016203
 -0.0637151  0.00483541   -0.997956     1.20754
          0           0           0           1
v_world_imu:   0.0622791    0.049322 -0.00786038
frame_2
id: 2
stamp: 1782119897.890673637
T_odom_lidar: 
 -0.978412   0.197878   0.059624  0.0198667
   0.19758   0.980226  -0.010904  0.0203001
-0.0606027 0.00111197  -0.998161    1.20682
         0          0          0          1
T_world_lidar: 
 -0.978412   0.197878   0.059624  0.0198667
   0.19758   0.980226  -0.010904  0.0203001
-0.0606027 0.00111197  -0.998161    1.20682
         0          0          0          1
v_world_imu:   0.0400919   0.0327518 -0.00560713
frame_3
id: 3
stamp: 1782119897.990537882
T_odom_lidar: 
 -0.978626    0.19785  0.0560921  0.0230162
  0.197394    0.98023 -0.0136131  0.0229195
-0.0576765 -0.0022499  -0.998333    1.20621
         0          0          0          1
T_world_lidar: 
 -0.978626    0.19785  0.0560921  0.0230162
  0.197394    0.98023 -0.0136131  0.0229195
-0.0576765 -0.0022499  -0.998333    1.20621
         0          0          0          1
v_world_imu:   0.0234303   0.0201074 -0.00402044
frame_4
id: 4
stamp: 1782119898.090710640
T_odom_lidar: 
  -0.978794    0.197841   0.0531136   0.0247852
   0.197263    0.980221  -0.0159644   0.0244376
 -0.0552215 -0.00514851   -0.998461      1.2057
          0           0           0           1
T_world_lidar: 
  -0.978794    0.197841   0.0531136   0.0247852
   0.197263    0.980221  -0.0159644   0.0244376
 -0.0552215 -0.00514851   -0.998461      1.2057
          0           0           0           1
v_world_imu:   0.0120779   0.0109609 -0.00188312
frame_5
id: 5
stamp: 1782119898.190637589
T_odom_lidar: 
  -0.978922    0.197872   0.0505808   0.0255258
   0.197203    0.980199  -0.0179324   0.0251405
 -0.0531276 -0.00757975   -0.998559      1.2053
          0           0           0           1
T_world_lidar: 
  -0.978922    0.197872   0.0505808   0.0255258
   0.197203    0.980199  -0.0179324   0.0251405
 -0.0531276 -0.00757975   -0.998559      1.2053
          0           0           0           1
v_world_imu:  0.00432843  0.00478629 -0.00278014
frame_6
id: 6
stamp: 1782119898.290656805
T_odom_lidar: 
  -0.979045     0.19788   0.0481148   0.0247301
   0.197132    0.980176  -0.0198718   0.0246528
 -0.0510932 -0.00997044   -0.998644     1.20509
          0           0           0           1
T_world_lidar: 
  -0.979045     0.19788   0.0481148   0.0247301
   0.197132    0.980176  -0.0198718   0.0246528
 -0.0510932 -0.00997044   -0.998644     1.20509
          0           0           0           1
v_world_imu:  -0.00130297 -9.25925e-06 -0.000795086
frame_7
id: 7
stamp: 1782119898.390439987
T_odom_lidar: 
 -0.979113   0.197897  0.0466307  0.0244333
  0.197105   0.980156 -0.0210576  0.0245527
-0.0498726 -0.0114267   -0.99869    1.20488
         0          0          0          1
T_world_lidar: 
 -0.979113   0.197897  0.0466307  0.0244333
  0.197105   0.980156 -0.0210576  0.0245527
-0.0498726 -0.0114267   -0.99869    1.20488
         0          0          0          1
v_world_imu: -0.00344679 -0.00204663 0.000268693
frame_8
id: 8
stamp: 1782119898.489886045
T_odom_lidar: 
 -0.979138   0.197982  0.0457404  0.0239704
  0.197163   0.980128  -0.021819  0.0243484
-0.0491512 -0.0123455  -0.998715    1.20471
         0          0          0          1
T_world_lidar: 
 -0.979138   0.197982  0.0457404  0.0239704
  0.197163   0.980128  -0.021819  0.0243484
-0.0491512 -0.0123455  -0.998715    1.20471
         0          0          0          1
v_world_imu: -0.00455287 -0.00248053 0.000503574
frame_9
id: 9
stamp: 1782119898.590681791
T_odom_lidar: 
  -0.97934    0.19748  0.0435387  0.0189516
   0.19662   0.980204 -0.0232649  0.0206761
-0.0472712 -0.0142236  -0.998781    1.20602
         0          0          0          1
T_world_lidar: 
  -0.97934    0.19748  0.0435387  0.0189516
   0.19662   0.980204 -0.0232649  0.0206761
-0.0472712 -0.0142236  -0.998781    1.20602
         0          0          0          1
v_world_imu:  -0.0123416 -0.00918386  0.00053262
frame_10
id: 10
stamp: 1782119898.690709829
T_odom_lidar: 
 -0.979385   0.197429  0.0427332  0.0177213
  0.196546   0.980201 -0.0239942  0.0197793
-0.0466242 -0.0151006  -0.998798    1.20606
         0          0          0          1
T_world_lidar: 
 -0.979385   0.197429  0.0427332  0.0177213
  0.196546   0.980201 -0.0239942  0.0197793
-0.0466242 -0.0151006  -0.998798    1.20606
         0          0          0          1
v_world_imu:  -0.0114711  -0.0082303 0.000822111
frame_11
id: 11
stamp: 1782119898.790730238
T_odom_lidar: 
  -0.97941   0.197409  0.0422672  0.0166277
  0.196511   0.980196 -0.0244976  0.0189894
-0.0462661 -0.0156873  -0.998806    1.20614
         0          0          0          1
T_world_lidar: 
  -0.97941   0.197409  0.0422672  0.0166277
  0.196511   0.980196 -0.0244976  0.0189894
-0.0462661 -0.0156873  -0.998806    1.20614
         0          0          0          1
v_world_imu:  -0.0100011 -0.00684514  0.00140766
frame_12
id: 12
stamp: 1782119898.890750885
T_odom_lidar: 
 -0.979432   0.197377  0.0419005  0.0157548
  0.196475   0.980198 -0.0246752  0.0183599
-0.0459411 -0.0159352  -0.998817     1.2062
         0          0          0          1
T_world_lidar: 
 -0.979432   0.197377  0.0419005  0.0157548
  0.196475   0.980198 -0.0246752  0.0183599
-0.0459411 -0.0159352  -0.998817     1.2062
         0          0          0          1
v_world_imu: -0.00780842 -0.00564532  0.00248709
frame_13
id: 13
stamp: 1782119898.990482807
T_odom_lidar: 
 -0.979435   0.197415   0.041643  0.0149692
  0.196511   0.980187 -0.0248187  0.0178043
-0.0457175  -0.016125  -0.998824    1.20634
         0          0          0          1
T_world_lidar: 
 -0.979435   0.197415   0.041643  0.0149692
  0.196511   0.980187 -0.0248187  0.0178043
-0.0457175  -0.016125  -0.998824    1.20634
         0          0          0          1
v_world_imu: -0.00597607 -0.00481919  0.00348958
frame_14
id: 14
stamp: 1782119899.090600014
T_odom_lidar: 
 -0.979448    0.19737  0.0415457  0.0144165
  0.196465   0.980195 -0.0248967  0.0173861
-0.0456367 -0.0162228  -0.998826     1.2064
         0          0          0          1
T_world_lidar: 
 -0.979448    0.19737  0.0415457  0.0144165
  0.196465   0.980195 -0.0248967  0.0173861
-0.0456367 -0.0162228  -0.998826     1.2064
         0          0          0          1
v_world_imu: -0.00432757 -0.00419482  0.00389745
frame_15
id: 15
stamp: 1782119899.190677404
T_odom_lidar: 
 -0.979447   0.197381  0.0415342  0.0139909
  0.196479   0.980194  -0.024815  0.0170644
-0.0456096 -0.0161444  -0.998829    1.20646
         0          0          0          1
T_world_lidar: 
 -0.979447   0.197381  0.0415342  0.0139909
  0.196479   0.980194  -0.024815  0.0170644
-0.0456096 -0.0161444  -0.998829    1.20646
         0          0          0          1
v_world_imu: -0.00318075 -0.00326996  0.00242299
frame_16
id: 16
stamp: 1782119899.290632963
T_odom_lidar: 
 -0.979455    0.19733  0.0415789  0.0137223
  0.196427   0.980204 -0.0248172  0.0168377
 -0.045653 -0.0161401  -0.998827    1.20663
         0          0          0          1
T_world_lidar: 
 -0.979455    0.19733  0.0415789  0.0137223
  0.196427   0.980204 -0.0248172  0.0168377
 -0.045653 -0.0161401  -0.998827    1.20663
         0          0          0          1
v_world_imu: -0.00223986 -0.00207543  0.00124623
frame_17
id: 17
stamp: 1782119899.390622377
T_odom_lidar: 
 -0.979446   0.197341  0.0417482  0.0135834
  0.196438   0.980203 -0.0247743  0.0167198
-0.0458107 -0.0160641  -0.998821    1.20667
         0          0          0          1
T_world_lidar: 
 -0.979446   0.197341  0.0417482  0.0135834
  0.196438   0.980203 -0.0247743  0.0167198
-0.0458107 -0.0160641  -0.998821    1.20667
         0          0          0          1
v_world_imu:  -0.00121234 -0.000806538 -5.90061e-06
frame_18
id: 18
stamp: 1782119899.490481377
T_odom_lidar: 
 -0.979443   0.197324     0.0419  0.0135229
  0.196419   0.980208 -0.0247535  0.0166237
-0.0459551 -0.0160147  -0.998815    1.20677
         0          0          0          1
T_world_lidar: 
 -0.979443   0.197324     0.0419  0.0135229
  0.196419   0.980208 -0.0247535  0.0166237
-0.0459551 -0.0160147  -0.998815    1.20677
         0          0          0          1
v_world_imu: -0.000129397  5.85442e-06  4.13035e-05
frame_19
id: 19
stamp: 1782119899.590716600
T_odom_lidar: 
 -0.979431   0.197357  0.0420079  0.0135409
  0.196448   0.980201 -0.0247933  0.0166061
-0.0460693  -0.016031   -0.99881    1.20681
         0          0          0          1
T_world_lidar: 
 -0.979431   0.197357  0.0420079  0.0135409
  0.196448   0.980201 -0.0247933  0.0166061
-0.0460693  -0.016031   -0.99881    1.20681
         0          0          0          1
v_world_imu:  0.00108867 0.000544913  0.00112902
frame_20
id: 20
stamp: 1782119899.690743685
T_odom_lidar: 
 -0.979415   0.197438  0.0420107  0.0136247
  0.196527   0.980184 -0.0248437  0.0166307
-0.0460833 -0.0160761  -0.998808    1.20686
         0          0          0          1
T_world_lidar: 
 -0.979415   0.197438  0.0420107  0.0136247
  0.196527   0.980184 -0.0248437  0.0166307
-0.0460833 -0.0160761  -0.998808    1.20686
         0          0          0          1
v_world_imu:  0.00182672 0.000664282  0.00207551
frame_21
id: 21
stamp: 1782119899.790753603
T_odom_lidar: 
 -0.979429   0.197335  0.0421627  0.0137855
  0.196425   0.980206 -0.0247812  0.0167139
-0.0462183 -0.0159897  -0.998803    1.20682
         0          0          0          1
T_world_lidar: 
 -0.979429   0.197335  0.0421627  0.0137855
  0.196425   0.980206 -0.0247812  0.0167139
-0.0462183 -0.0159897  -0.998803    1.20682
         0          0          0          1
v_world_imu:  0.00211394 0.000620979  0.00257572
frame_22
id: 22
stamp: 1782119899.890513182
T_odom_lidar: 
 -0.979428    0.19732  0.0422674  0.0139473
  0.196412   0.980211 -0.0246889  0.0168747
-0.0463025 -0.0158792  -0.998801    1.20687
         0          0          0          1
T_world_lidar: 
 -0.979428    0.19732  0.0422674  0.0139473
  0.196412   0.980211 -0.0246889  0.0168747
-0.0463025 -0.0158792  -0.998801    1.20687
         0          0          0          1
v_world_imu:   0.0016675 0.000908597  0.00126361
frame_23
id: 23
stamp: 1782119899.990620852
T_odom_lidar: 
 -0.979424    0.19733  0.0423022  0.0140876
  0.196421   0.980209 -0.0246912   0.016985
-0.0463373 -0.0158741    -0.9988    1.20698
         0          0          0          1
T_world_lidar: 
 -0.979424    0.19733  0.0423022  0.0140876
  0.196421   0.980209 -0.0246912   0.016985
-0.0463373 -0.0158741    -0.9988    1.20698
         0          0          0          1
v_world_imu:  0.00139603  0.00141171 -0.00015086
frame_24
id: 24
stamp: 1782119900.090670347
T_odom_lidar: 
 -0.979427   0.197294  0.0424007  0.0143075
  0.196393   0.980219 -0.0245075  0.0171951
-0.0463972 -0.0156761    -0.9988    1.20693
         0          0          0          1
T_world_lidar: 
 -0.979427   0.197294  0.0424007  0.0143075
  0.196393   0.980219 -0.0245075  0.0171951
-0.0463972 -0.0156761    -0.9988    1.20693
         0          0          0          1
v_world_imu:  0.00156545  0.00215482 -0.00111089
frame_25
id: 25
stamp: 1782119900.190620422
T_odom_lidar: 
 -0.979437   0.197212  0.0425546  0.0144326
  0.196313   0.980238 -0.0243911  0.0173494
-0.0465239 -0.0155356  -0.998796    1.20697
         0          0          0          1
T_world_lidar: 
 -0.979437   0.197212  0.0425546  0.0144326
  0.196313   0.980238 -0.0243911  0.0173494
-0.0465239 -0.0155356  -0.998796    1.20697
         0          0          0          1
v_world_imu:   0.00165322   0.00249321 -0.000325084
frame_26
id: 26
stamp: 1782119900.290630817
T_odom_lidar: 
 -0.979452   0.197135  0.0425673   0.014596
   0.19624   0.980255  -0.024295  0.0175473
-0.0465162 -0.0154424  -0.998798    1.20702
         0          0          0          1
T_world_lidar: 
 -0.979452   0.197135  0.0425673   0.014596
   0.19624   0.980255  -0.024295  0.0175473
-0.0465162 -0.0154424  -0.998798    1.20702
         0          0          0          1
v_world_imu: 0.00199229 0.00235833 0.00106432
frame_27
id: 27
stamp: 1782119900.390790939
T_odom_lidar: 
 -0.979457   0.197128  0.0424726   0.014715
  0.196235   0.980256 -0.0242955  0.0177894
-0.0464233 -0.0154617  -0.998802    1.20697
         0          0          0          1
T_world_lidar: 
 -0.979457   0.197128  0.0424726   0.014715
  0.196235   0.980256 -0.0242955  0.0177894
-0.0464233 -0.0154617  -0.998802    1.20697
         0          0          0          1
v_world_imu: 0.00180014  0.0016164 0.00181005
frame_28
id: 28
stamp: 1782119900.490004301
T_odom_lidar: 
 -0.979451   0.197147  0.0425338  0.0148921
  0.196262   0.980255 -0.0241214  0.0179854
-0.0464494  -0.015278  -0.998804    1.20696
         0          0          0          1
T_world_lidar: 
 -0.979451   0.197147  0.0425338  0.0148921
  0.196262   0.980255 -0.0241214  0.0179854
-0.0464494  -0.015278  -0.998804    1.20696
         0          0          0          1
v_world_imu: 0.00153861  0.0010184 0.00222392
frame_29
id: 29
stamp: 1782119900.590764046
T_odom_lidar: 
 -0.979451   0.197141  0.0425507  0.0149995
  0.196255   0.980256 -0.0241247   0.018103
-0.0464666 -0.0152782  -0.998803    1.20709
         0          0          0          1
T_world_lidar: 
 -0.979451   0.197141  0.0425507  0.0149995
  0.196255   0.980256 -0.0241247   0.018103
-0.0464666 -0.0152782  -0.998803    1.20709
         0          0          0          1
v_world_imu:  0.00100601 0.000953206 0.000469208
frame_30
id: 30
stamp: 1782119900.690586567
T_odom_lidar: 
 -0.979442   0.197183  0.0425741  0.0151089
  0.196297   0.980248  -0.024113  0.0182511
-0.0464878 -0.0152601  -0.998802     1.2071
         0          0          0          1
T_world_lidar: 
 -0.979442   0.197183  0.0425741  0.0151089
  0.196297   0.980248  -0.024113  0.0182511
-0.0464878 -0.0152601  -0.998802     1.2071
         0          0          0          1
v_world_imu: 0.000618779  0.00144927 -0.00121128
frame_31
id: 31
stamp: 1782119900.790500164
T_odom_lidar: 
 -0.979453   0.197119  0.0426097  0.0152082
  0.196228    0.98026 -0.0241989  0.0183462
-0.0465387 -0.0153404  -0.998799    1.20712
         0          0          0          1
T_world_lidar: 
 -0.979453   0.197119  0.0426097  0.0152082
  0.196228    0.98026 -0.0241989  0.0183462
-0.0465387 -0.0153404  -0.998799    1.20712
         0          0          0          1
v_world_imu: 0.000700181  0.00152482 -0.00127281
frame_32
id: 32
stamp: 1782119900.890677452
T_odom_lidar: 
 -0.979462    0.19707   0.042633  0.0152852
  0.196177   0.980269 -0.0242423  0.0184102
-0.0465692 -0.0153808  -0.998797    1.20712
         0          0          0          1
T_world_lidar: 
 -0.979462    0.19707   0.042633  0.0152852
  0.196177   0.980269 -0.0242423  0.0184102
-0.0465692 -0.0153808  -0.998797    1.20712
         0          0          0          1
v_world_imu:  0.000957534   0.00113513 -2.84736e-05
frame_33
id: 33
stamp: 1782119900.990650654
T_odom_lidar: 
 -0.979472   0.197034  0.0425775   0.015334
  0.196142   0.980276 -0.0242412   0.018439
-0.0465141 -0.0153923  -0.998799    1.20715
         0          0          0          1
T_world_lidar: 
 -0.979472   0.197034  0.0425775   0.015334
  0.196142   0.980276 -0.0242412   0.018439
-0.0465141 -0.0153923  -0.998799    1.20715
         0          0          0          1
v_world_imu: 0.00100551 0.00049723  0.0013027
frame_34
id: 34
stamp: 1782119901.090649366
T_odom_lidar: 
 -0.979471   0.197058  0.0424777  0.0153699
  0.196167    0.98027 -0.0242673  0.0184836
-0.0464217 -0.0154365  -0.998803    1.20707
         0          0          0          1
T_world_lidar: 
 -0.979471   0.197058  0.0424777  0.0153699
  0.196167    0.98027 -0.0242673  0.0184836
-0.0464217 -0.0154365  -0.998803    1.20707
         0          0          0          1
v_world_imu:  0.000945243 -0.000156863   0.00185733
frame_35
id: 35
stamp: 1782119901.190620899
T_odom_lidar: 
 -0.979482   0.197033  0.0423493   0.015377
  0.196139   0.980274 -0.0243582  0.0184781
-0.0463133  -0.015552  -0.998806    1.20701
         0          0          0          1
T_world_lidar: 
 -0.979482   0.197033  0.0423493   0.015377
  0.196139   0.980274 -0.0243582  0.0184781
-0.0463133  -0.015552  -0.998806    1.20701
         0          0          0          1
v_world_imu:  0.000636042 -0.000482364   0.00123714
frame_36
id: 36
stamp: 1782119901.290630341
T_odom_lidar: 
 -0.979484   0.197043   0.042247  0.0154386
  0.196148    0.98027 -0.0244275  0.0185176
-0.0462268 -0.0156397  -0.998809    1.20694
         0          0          0          1
T_world_lidar: 
 -0.979484   0.197043   0.042247  0.0154386
  0.196148    0.98027 -0.0244275  0.0185176
-0.0462268 -0.0156397  -0.998809    1.20694
         0          0          0          1
v_world_imu:  0.000328463 -0.000131276  -0.00026116
frame_37
id: 37
stamp: 1782119901.390647650
T_odom_lidar: 
 -0.979473   0.197109  0.0421884   0.015496
  0.196212   0.980256 -0.0244825  0.0185604
-0.0461811 -0.0157021   -0.99881    1.20685
         0          0          0          1
T_world_lidar: 
 -0.979473   0.197109  0.0421884   0.015496
  0.196212   0.980256 -0.0244825  0.0185604
-0.0461811 -0.0157021   -0.99881    1.20685
         0          0          0          1
v_world_imu: 0.000589501 0.000741659 -0.00176155
frame_38
id: 38
stamp: 1782119901.490537643
T_odom_lidar: 
 -0.979471   0.197138  0.0421152  0.0156146
  0.196234   0.980247 -0.0246463  0.0186331
 -0.046142 -0.0158759  -0.998809    1.20685
         0          0          0          1
T_world_lidar: 
 -0.979471   0.197138  0.0421152  0.0156146
  0.196234   0.980247 -0.0246463  0.0186331
 -0.046142 -0.0158759  -0.998809    1.20685
         0          0          0          1
v_world_imu:  0.00117987  0.00173394 -0.00224139
frame_39
id: 39
stamp: 1782119901.590843439
T_odom_lidar: 
  -0.97947   0.197156  0.0420535  0.0157826
  0.196251   0.980243 -0.0246975   0.018757
-0.0460919 -0.0159375   -0.99881    1.20677
         0          0          0          1
T_world_lidar: 
  -0.97947   0.197156  0.0420535  0.0157826
  0.196251   0.980243 -0.0246975   0.018757
-0.0460919 -0.0159375   -0.99881    1.20677
         0          0          0          1
v_world_imu:  0.00222751  0.00235507 -0.00146622
frame_40
id: 40
stamp: 1782119901.690705538
T_odom_lidar: 
 -0.979465   0.197196  0.0419855   0.016017
   0.19629   0.980234  -0.024749  0.0189748
-0.0460359 -0.0159995  -0.998812    1.20663
         0          0          0          1
T_world_lidar: 
 -0.979465   0.197196  0.0419855   0.016017
   0.19629   0.980234  -0.024749  0.0189748
-0.0460359 -0.0159995  -0.998812    1.20663
         0          0          0          1
v_world_imu:   0.0031472  0.00267794 8.05485e-05
frame_41
id: 41
stamp: 1782119901.790588856
T_odom_lidar: 
  -0.97946   0.197241  0.0418749  0.0163221
  0.196336   0.980224 -0.0247434  0.0192258
-0.0459272 -0.0160136  -0.998816    1.20653
         0          0          0          1
T_world_lidar: 
  -0.97946   0.197241  0.0418749  0.0163221
  0.196336   0.980224 -0.0247434  0.0192258
-0.0459272 -0.0160136  -0.998816    1.20653
         0          0          0          1
v_world_imu: 0.00427057 0.00284837 0.00113915
frame_42
id: 42
stamp: 1782119901.890614986
T_odom_lidar: 
 -0.979454    0.19726  0.0419395  0.0167583
  0.196359   0.980222 -0.0246621  0.0196277
-0.0459749 -0.0159202  -0.998816    1.20631
         0          0          0          1
T_world_lidar: 
 -0.979454    0.19726  0.0419395  0.0167583
  0.196359   0.980222 -0.0246621  0.0196277
-0.0459749 -0.0159202  -0.998816    1.20631
         0          0          0          1
v_world_imu:   0.0049952  0.00341781 0.000602703
frame_43
id: 43
stamp: 1782119901.990440845
T_odom_lidar: 
 -0.979457   0.197249  0.0419213  0.0172626
   0.19635   0.980225 -0.0246148  0.0200499
-0.0459475 -0.0158779  -0.998818    1.20617
         0          0          0          1
T_world_lidar: 
 -0.979457   0.197249  0.0419213  0.0172626
   0.19635   0.980225 -0.0246148  0.0200499
-0.0459475 -0.0158779  -0.998818    1.20617
         0          0          0          1
v_world_imu:  0.00563961  0.00447424 -0.00103861
frame_44
id: 44
stamp: 1782119902.090694427
T_odom_lidar: 
 -0.979432   0.197333  0.0421055  0.0178988
  0.196438   0.980211 -0.0244596  0.0206151
 -0.046099 -0.0156854  -0.998814    1.20599
         0          0          0          1
T_world_lidar: 
 -0.979432   0.197333  0.0421055  0.0178988
  0.196438   0.980211 -0.0244596  0.0206151
 -0.046099 -0.0156854  -0.998814    1.20599
         0          0          0          1
v_world_imu:  0.00643969  0.00589436 -0.00267855
frame_45
id: 45
stamp: 1782119902.190568447
T_odom_lidar: 
 -0.979409   0.197387  0.0423769   0.018603
  0.196494   0.980203 -0.0243484  0.0211951
 -0.046344 -0.0155203  -0.998805    1.20593
         0          0          0          1
T_world_lidar: 
 -0.979409   0.197387  0.0423769   0.018603
  0.196494   0.980203 -0.0243484  0.0211951
 -0.046344 -0.0155203  -0.998805    1.20593
         0          0          0          1
v_world_imu:  0.00753517  0.00723275 -0.00319289
frame_46
id: 46
stamp: 1782119902.290733576
T_odom_lidar: 
 -0.979373   0.197452  0.0428985  0.0194631
   0.19657   0.980198  -0.023929  0.0219419
-0.0467738 -0.0150028  -0.998793    1.20572
         0          0          0          1
T_world_lidar: 
 -0.979373   0.197452  0.0428985  0.0194631
   0.19657   0.980198  -0.023929  0.0219419
-0.0467738 -0.0150028  -0.998793    1.20572
         0          0          0          1
v_world_imu:  0.00867229  0.00808784 -0.00180333
frame_47
id: 47
stamp: 1782119902.390603781
T_odom_lidar: 
 -0.979329   0.197526  0.0435586  0.0203313
  0.196657   0.980192 -0.0234447  0.0226832
-0.0473267 -0.0143939  -0.998776    1.20567
         0          0          0          1
T_world_lidar: 
 -0.979329   0.197526  0.0435586  0.0203313
  0.196657   0.980192 -0.0234447  0.0226832
-0.0473267 -0.0143939  -0.998776    1.20567
         0          0          0          1
v_world_imu: 0.00950002 0.00837692 0.00011571
frame_48
id: 48
stamp: 1782119902.490501881
T_odom_lidar: 
 -0.979321   0.197564  0.0435797  0.0203675
  0.196697   0.980185 -0.0233936  0.0227561
-0.0473379 -0.0143378  -0.998776    1.20558
         0          0          0          1
T_world_lidar: 
 -0.979321   0.197564  0.0435797  0.0203675
  0.196697   0.980185 -0.0233936  0.0227561
-0.0473379 -0.0143378  -0.998776    1.20558
         0          0          0          1
v_world_imu: 0.00952814 0.00733368 0.00172536
frame_49
id: 49
stamp: 1782119902.590756178
T_odom_lidar: 
 -0.979325    0.19751  0.0437392  0.0204943
  0.196648   0.980198 -0.0232498  0.0227565
-0.0474652 -0.0141678  -0.998772    1.20559
         0          0          0          1
T_world_lidar: 
 -0.979325    0.19751  0.0437392  0.0204943
  0.196648   0.980198 -0.0232498  0.0227565
-0.0474652 -0.0141678  -0.998772    1.20559
         0          0          0          1
v_world_imu: 0.00919899 0.00659662 0.00157694
frame_50
id: 50
stamp: 1782119902.690573931
T_odom_lidar: 
 -0.979322   0.197538  0.0436782   0.020446
  0.196679   0.980193 -0.0232041  0.0227027
-0.0473968 -0.0141337  -0.998776    1.20563
         0          0          0          1
T_world_lidar: 
 -0.979322   0.197538  0.0436782   0.020446
  0.196679   0.980193 -0.0232041  0.0227027
-0.0473968 -0.0141337  -0.998776    1.20563
         0          0          0          1
v_world_imu:   0.00827654   0.00599281 -0.000259853
frame_51
id: 51
stamp: 1782119902.790715218
T_odom_lidar: 
 -0.979407   0.197338  0.0426566  0.0187952
  0.196452   0.980217 -0.0240858  0.0212934
-0.0465658 -0.0152098  -0.998799    1.20582
         0          0          0          1
T_world_lidar: 
 -0.979407   0.197338  0.0426566  0.0187952
  0.196452   0.980217 -0.0240858  0.0212934
-0.0465658 -0.0152098  -0.998799    1.20582
         0          0          0          1
v_world_imu:  0.00626869  0.00506318 -0.00278935
frame_52
id: 52
stamp: 1782119902.890821218
T_odom_lidar: 
 -0.979381   0.197356  0.0431764  0.0194985
  0.196473   0.980219 -0.0238594  0.0218138
-0.0470311 -0.0148845  -0.998783     1.2056
         0          0          0          1
T_world_lidar: 
 -0.979381   0.197356  0.0431764  0.0194985
  0.196473   0.980219 -0.0238594  0.0218138
-0.0470311 -0.0148845  -0.998783     1.2056
         0          0          0          1
v_world_imu:  0.00701767  0.00604146 -0.00418774
frame_53
id: 53
stamp: 1782119902.990615129
T_odom_lidar: 
 -0.979387   0.197335  0.0431155  0.0193707
  0.196449   0.980221 -0.0239566  0.0215905
-0.0469902 -0.0149928  -0.998783     1.2055
         0          0          0          1
T_world_lidar: 
 -0.979387   0.197335  0.0431155  0.0193707
  0.196449   0.980221 -0.0239566  0.0215905
-0.0469902 -0.0149928  -0.998783     1.2055
         0          0          0          1
v_world_imu:  0.00672302  0.00625552 -0.00378213
frame_54
id: 54
stamp: 1782119903.090688705
T_odom_lidar: 
 -0.979473    0.19698  0.0427861  0.0165127
  0.196093    0.98029 -0.0240701  0.0196806
-0.0466841  -0.015186  -0.998794    1.20634
         0          0          0          1
T_world_lidar: 
 -0.979473    0.19698  0.0427861  0.0165127
  0.196093    0.98029 -0.0240701  0.0196806
-0.0466841  -0.015186  -0.998794    1.20634
         0          0          0          1
v_world_imu: -0.00181449  -0.0020266 -0.00110302
frame_55
id: 55
stamp: 1782119903.190747499
T_odom_lidar: 
 -0.979485    0.19695  0.0426655  0.0162332
  0.196062   0.980295 -0.0241289  0.0194568
 -0.046577 -0.0152688  -0.998798     1.2062
         0          0          0          1
T_world_lidar: 
 -0.979485    0.19695  0.0426655  0.0162332
  0.196062   0.980295 -0.0241289  0.0194568
 -0.046577 -0.0152688  -0.998798     1.2062
         0          0          0          1
v_world_imu: -0.00273206 -0.00167849 0.000467656
frame_56
id: 56
stamp: 1782119903.290752411
T_odom_lidar: 
 -0.979488   0.196936  0.0426623  0.0159343
  0.196054   0.980299 -0.0240033  0.0192314
-0.0465489 -0.0151468  -0.998801    1.20597
         0          0          0          1
T_world_lidar: 
 -0.979488   0.196936  0.0426623  0.0159343
  0.196054   0.980299 -0.0240033  0.0192314
-0.0465489 -0.0151468  -0.998801    1.20597
         0          0          0          1
v_world_imu: -0.00299203 -0.00390665 0.000529328
frame_57
id: 57
stamp: 1782119903.390763283
T_odom_lidar: 
  -0.97949   0.196964  0.0424732  0.0155333
  0.196082   0.980292 -0.0240551  0.0189059
-0.0463741 -0.0152335  -0.998808     1.2058
         0          0          0          1
T_world_lidar: 
  -0.97949   0.196964  0.0424732  0.0155333
  0.196082   0.980292 -0.0240551  0.0189059
-0.0463741 -0.0152335  -0.998808     1.2058
         0          0          0          1
v_world_imu: -0.00426783 -0.00307298 -0.00075913
frame_58
id: 58
stamp: 1782119903.490407944
T_odom_lidar: 
 -0.979472   0.197099  0.0422681  0.0151076
  0.196215   0.980263 -0.0241664  0.0185923
 -0.046197 -0.0153767  -0.998814    1.20565
         0          0          0          1
T_world_lidar: 
 -0.979472   0.197099  0.0422681  0.0151076
  0.196215   0.980263 -0.0241664  0.0185923
 -0.046197 -0.0153767  -0.998814    1.20565
         0          0          0          1
v_world_imu: -0.00432586 -0.00406105 -0.00151052
frame_59
id: 59
stamp: 1782119903.590534449
T_odom_lidar: 
 -0.979463   0.197118  0.0423898   0.014794
  0.196238   0.980261 -0.0240469  0.0182667
-0.0462932 -0.0152346  -0.998812    1.20543
         0          0          0          1
T_world_lidar: 
 -0.979463   0.197118  0.0423898   0.014794
  0.196238   0.980261 -0.0240469  0.0182667
-0.0462932 -0.0152346  -0.998812    1.20543
         0          0          0          1
v_world_imu: -0.00392497 -0.00263636 -0.00294999
frame_60
id: 60
stamp: 1782119903.690656185
T_odom_lidar: 
 -0.979471   0.197114  0.0422152  0.0143958
  0.196229   0.980259 -0.0242232  0.0178532
-0.0461566 -0.0154421  -0.998815    1.20546
         0          0          0          1
T_world_lidar: 
 -0.979471   0.197114  0.0422152  0.0143958
  0.196229   0.980259 -0.0242232  0.0178532
-0.0461566 -0.0154421  -0.998815    1.20546
         0          0          0          1
v_world_imu: -0.00340514 -0.00404732 -0.00136436
frame_61
id: 61
stamp: 1782119903.790727615
T_odom_lidar: 
 -0.979466   0.197198  0.0419494  0.0141127
  0.196313    0.98024  -0.024294  0.0174013
-0.0459112 -0.0155599  -0.998824    1.20539
         0          0          0          1
T_world_lidar: 
 -0.979466   0.197198  0.0419494  0.0141127
  0.196313    0.98024  -0.024294  0.0174013
-0.0459112 -0.0155599  -0.998824    1.20539
         0          0          0          1
v_world_imu: -0.00210243 -0.00422414 0.000169944
frame_62
id: 62
stamp: 1782119903.890641212
T_odom_lidar: 
 -0.979465   0.197221  0.0418647  0.0137223
  0.196321   0.980229 -0.0246684  0.0169724
-0.0459022 -0.0159429  -0.998819    1.20538
         0          0          0          1
T_world_lidar: 
 -0.979465   0.197221  0.0418647  0.0137223
  0.196321   0.980229 -0.0246684  0.0169724
-0.0459022 -0.0159429  -0.998819    1.20538
         0          0          0          1
v_world_imu: -0.00453901 -0.00287579  0.00163115
frame_63
id: 63
stamp: 1782119903.990492105
T_odom_lidar: 
  -0.97948   0.197183  0.0416811  0.0138867
  0.196293   0.980239 -0.0244906  0.0164727
-0.0456866 -0.0158063  -0.998831    1.20531
         0          0          0          1
T_world_lidar: 
  -0.97948   0.197183  0.0416811  0.0138867
  0.196293   0.980239 -0.0244906  0.0164727
-0.0456866 -0.0158063  -0.998831    1.20531
         0          0          0          1
v_world_imu:  0.00324087 -0.00768485 0.000340822
frame_64
id: 64
stamp: 1782119904.090723991
T_odom_lidar: 
  -0.97947   0.196992  0.0428087  0.0126064
  0.196078   0.980279   -0.02463  0.0159061
-0.0468163 -0.0157305   -0.99878    1.20532
         0          0          0          1
T_world_lidar: 
  -0.97947   0.196992  0.0428087  0.0126064
  0.196078   0.980279   -0.02463  0.0159061
-0.0468163 -0.0157305   -0.99878    1.20532
         0          0          0          1
v_world_imu:  -0.0365593   0.0221289 -0.00142128
frame_65
id: 65
stamp: 1782119904.190668821
T_odom_lidar: 
 -0.980512    0.19115  0.0453606 0.00775512
  0.190184   0.981436 -0.0247795  0.0166823
-0.0492551 -0.0156698  -0.998663    1.20519
         0          0          0          1
T_world_lidar: 
 -0.980512    0.19115  0.0453606 0.00775512
  0.190184   0.981436 -0.0247795  0.0166823
-0.0492551 -0.0156698  -0.998663    1.20519
         0          0          0          1
v_world_imu:  -0.0617832   0.0023504 -0.00123592
frame_66
id: 66
stamp: 1782119904.290728807
T_odom_lidar: 
  -0.983008    0.177264   0.0476823 -0.00208762
   0.176296    0.984049  -0.0238173   0.0170307
 -0.0511436  -0.0150064   -0.998579     1.20503
          0           0           0           1
T_world_lidar: 
  -0.983008    0.177264   0.0476823 -0.00208762
   0.176296    0.984049  -0.0238173   0.0170307
 -0.0511436  -0.0150064   -0.998579     1.20503
          0           0           0           1
v_world_imu:   -0.120392  0.00873802 -0.00465617
frame_67
id: 67
stamp: 1782119904.390496016
T_odom_lidar: 
 -0.983745   0.172291  0.0506077 -0.0153198
  0.171256   0.984931 -0.0241432  0.0203796
-0.0540047 -0.0150839  -0.998427    1.20466
         0          0          0          1
T_world_lidar: 
 -0.983745   0.172291  0.0506077 -0.0153198
  0.171256   0.984931 -0.0241432  0.0203796
-0.0540047 -0.0150839  -0.998427    1.20466
         0          0          0          1
v_world_imu:   -0.124656    0.057228 -0.00342042
frame_68
id: 68
stamp: 1782119904.489902258
T_odom_lidar: 
 -0.984133   0.169203  0.0534175 -0.0292956
  0.168019   0.985442 -0.0259627   0.026965
-0.0570328 -0.0165756  -0.998235    1.20434
         0          0          0          1
T_world_lidar: 
 -0.984133   0.169203  0.0534175 -0.0292956
  0.168019   0.985442 -0.0259627   0.026965
-0.0570328 -0.0165756  -0.998235    1.20434
         0          0          0          1
v_world_imu:    -0.129762    0.0806543 -0.000723702
frame_69
id: 69
stamp: 1782119904.590490341
T_odom_lidar: 
 -0.988195   0.143733  0.0530233  -0.043222
  0.142442   0.989424 -0.0273972  0.0331737
-0.0564004  -0.019521  -0.998217    1.20423
         0          0          0          1
T_world_lidar: 
 -0.988195   0.143733  0.0530233  -0.043222
  0.142442   0.989424 -0.0273972  0.0331737
-0.0564004  -0.019521  -0.998217    1.20423
         0          0          0          1
v_world_imu:  -0.132191  0.0658294 0.00297246
frame_70
id: 70
stamp: 1782119904.690674067
T_odom_lidar: 
 -0.992939    0.10569  0.0538749 -0.0591291
  0.104303   0.994153 -0.0279418  0.0379638
 -0.056513 -0.0221252  -0.998157    1.20413
         0          0          0          1
T_world_lidar: 
 -0.992939    0.10569  0.0538749 -0.0591291
  0.104303   0.994153 -0.0279418  0.0379638
 -0.056513 -0.0221252  -0.998157    1.20413
         0          0          0          1
v_world_imu: -0.161257 0.0449792 0.0011373
frame_71
id: 71
stamp: 1782119904.790694475
T_odom_lidar: 
 -0.995614  0.0757785   0.054863 -0.0769247
 0.0743487   0.996849 -0.0276531  0.0409347
-0.0567857 -0.0234529  -0.998111    1.20395
         0          0          0          1
T_world_lidar: 
 -0.995614  0.0757785   0.054863 -0.0769247
 0.0743487   0.996849 -0.0276531  0.0409347
-0.0567857 -0.0234529  -0.998111    1.20395
         0          0          0          1
v_world_imu:    -0.191812    0.0172192 -0.000667072
frame_72
id: 72
stamp: 1782119904.890519619
T_odom_lidar: 
 -0.996684  0.0582427   0.056816 -0.0971049
 0.0567433   0.998006 -0.0276566  0.0433743
-0.0583135  -0.024341  -0.998002    1.20377
         0          0          0          1
T_world_lidar: 
 -0.996684  0.0582427   0.056816 -0.0971049
 0.0567433   0.998006 -0.0276566  0.0433743
-0.0583135  -0.024341  -0.998002    1.20377
         0          0          0          1
v_world_imu:   -0.213595   0.0315502 -0.00402684
frame_73
id: 73
stamp: 1782119904.990432978
T_odom_lidar: 
 -0.997282  0.0457046  0.0577932  -0.119048
 0.0441862   0.998651 -0.0272845  0.0465759
-0.0589622 -0.0246567  -0.997956    1.20336
         0          0          0          1
T_world_lidar: 
 -0.997282  0.0457046  0.0577932  -0.119048
 0.0441862   0.998651 -0.0272845  0.0465759
-0.0589622 -0.0246567  -0.997956    1.20336
         0          0          0          1
v_world_imu:   -0.222808   0.0227295 -0.00538567
frame_74
id: 74
stamp: 1782119905.090760231
T_odom_lidar: 
 -0.997602  0.0385514  0.0574768  -0.143272
 0.0369985   0.998927 -0.0278416  0.0519922
-0.0584885 -0.0256482  -0.997959    1.20267
         0          0          0          1
T_world_lidar: 
 -0.997602  0.0385514  0.0574768  -0.143272
 0.0369985   0.998927 -0.0278416  0.0519922
-0.0584885 -0.0256482  -0.997959    1.20267
         0          0          0          1
v_world_imu:   -0.249956   0.0525241 -0.00693451
frame_75
id: 75
stamp: 1782119905.190749645
T_odom_lidar: 
 -0.997962  0.0279374  0.0573693  -0.170131
 0.0263647    0.99926 -0.0279894  0.0584196
-0.0581089 -0.0264198  -0.997961    1.20199
         0          0          0          1
T_world_lidar: 
 -0.997962  0.0279374  0.0573693  -0.170131
 0.0263647    0.99926 -0.0279894  0.0584196
-0.0581089 -0.0264198  -0.997961    1.20199
         0          0          0          1
v_world_imu:   -0.284691   0.0720751 -0.00761906
frame_76
id: 76
stamp: 1782119905.290687084
T_odom_lidar: 
 -0.998326  0.0130824  0.0563324  -0.198925
 0.0115537   0.999558 -0.0273772  0.0653025
-0.0566657 -0.0266806  -0.998037    1.20137
         0          0          0          1
T_world_lidar: 
 -0.998326  0.0130824  0.0563324  -0.198925
 0.0115537   0.999558 -0.0273772  0.0653025
-0.0566657 -0.0266806  -0.998037    1.20137
         0          0          0          1
v_world_imu:   -0.305012   0.0704802 -0.00777068
frame_77
id: 77
stamp: 1782119905.390667439
T_odom_lidar: 
 -0.998249 0.00374209  0.0590259  -0.230509
0.00219236   0.999652 -0.0262981  0.0734233
-0.0591038 -0.0261226   -0.99791    1.20071
         0          0          0          1
T_world_lidar: 
 -0.998249 0.00374209  0.0590259  -0.230509
0.00219236   0.999652 -0.0262981  0.0734233
-0.0591038 -0.0261226   -0.99791    1.20071
         0          0          0          1
v_world_imu:   -0.306798    0.114543 -0.00592821
frame_78
id: 78
stamp: 1782119905.490423918
T_odom_lidar: 
 -0.998334 -0.0119443  0.0564509  -0.260127
-0.0135057   0.999534  -0.027358  0.0851565
-0.0560978 -0.0280748   -0.99803    1.20005
         0          0          0          1
T_world_lidar: 
 -0.998334 -0.0119443  0.0564509  -0.260127
-0.0135057   0.999534  -0.027358  0.0851565
-0.0560978 -0.0280748   -0.99803    1.20005
         0          0          0          1
v_world_imu:   -0.293543    0.127245 -0.00617845
frame_79
id: 79
stamp: 1782119905.590426922
T_odom_lidar: 
 -0.997314 -0.0415579  0.0603077  -0.292919
-0.0432304   0.998708 -0.0266964  0.0978566
-0.0591204 -0.0292318  -0.997823    1.19917
         0          0          0          1
T_world_lidar: 
 -0.997314 -0.0415579  0.0603077  -0.292919
-0.0432304   0.998708 -0.0266964  0.0978566
-0.0591204 -0.0292318  -0.997823    1.19917
         0          0          0          1
v_world_imu:  -0.354273     0.1101 -0.0109563
frame_80
id: 80
stamp: 1782119905.690763712
T_odom_lidar: 
 -0.994984 -0.0792103  0.0610936  -0.328512
-0.0807729   0.996454 -0.0235439   0.109173
-0.0590121 -0.0283605  -0.997854    1.19851
         0          0          0          1
T_world_lidar: 
 -0.994984 -0.0792103  0.0610936  -0.328512
-0.0807729   0.996454 -0.0235439   0.109173
-0.0590121 -0.0283605  -0.997854    1.19851
         0          0          0          1
v_world_imu:  -0.389643   0.114305 -0.0134706
frame_81
id: 81
stamp: 1782119905.790596008
T_odom_lidar: 
 -0.990966  -0.119047  0.0617553  -0.364565
 -0.120655   0.992428 -0.0229971   0.122638
-0.0585499 -0.0302405  -0.997826    1.19737
         0          0          0          1
T_world_lidar: 
 -0.990966  -0.119047  0.0617553  -0.364565
 -0.120655   0.992428 -0.0229971   0.122638
-0.0585499 -0.0302405  -0.997826    1.19737
