id: 1
T_world_origin: 
  0.938845  -0.343638 -0.0219642  -0.504778
 -0.341429   -0.93729  0.0700925   0.576763
-0.0446733 -0.0583068  -0.997299    1.20792
         0          0          0          1
T_origin_endpoint_L: 
   0.983858    0.178944  0.00140535    -3.92394
   -0.17895    0.983826  0.00792153     2.88491
3.48894e-05 -0.00804515    0.999968    0.145034
          0           0           0           1
T_origin_endpoint_R: 
   0.81813  -0.574335  0.0283393   -2.42512
  0.574859   0.818102 -0.0156831   -1.39567
 -0.014177  0.0291219   0.999475   0.163913
         0          0          0          1
T_lidar_imu: 
     1      0      0  0.006
     0      1      0 -0.012
     0      0      1  0.008
     0      0      0      1
imu_bias: -0.00255858 -0.00208794 0.000981659 -0.00411032  0.00141511  0.00255414
frame_id: 2
num_frames: 605
frame_0
id: 1416
stamp: 1781770597.893273354
T_odom_lidar: 
  0.984888  -0.171536 -0.0238815   -5.18614
 -0.169788  -0.983515  0.0622114  -0.788442
-0.0341593 -0.0572165  -0.997777    1.07751
         0          0          0          1
T_world_lidar: 
  0.984888  -0.171536 -0.0238815   -5.18614
 -0.169788  -0.983515  0.0622114  -0.788442
-0.0341593 -0.0572165  -0.997777    1.07751
         0          0          0          1
v_world_imu:    0.361258   -0.414571 0.000399541
frame_1
id: 1417
stamp: 1781770597.993134737
T_odom_lidar: 
   0.97256  -0.231498 -0.0231407   -5.15157
  -0.22965  -0.971177  0.0638388  -0.832058
-0.0372522 -0.0567728  -0.997692    1.07687
         0          0          0          1
T_world_lidar: 
   0.97256  -0.231498 -0.0231407   -5.15157
  -0.22965  -0.971177  0.0638388  -0.832058
-0.0372522 -0.0567728  -0.997692    1.07687
         0          0          0          1
v_world_imu:   0.358936  -0.454922 0.00788189
frame_2
id: 1418
stamp: 1781770598.093252420
T_odom_lidar: 
  0.956797  -0.289742 -0.0242833   -5.11366
 -0.287552  -0.955308  0.0685554  -0.875847
-0.0430614 -0.0586108  -0.997352    1.07619
         0          0          0          1
T_world_lidar: 
  0.956797  -0.289742 -0.0242833   -5.11366
 -0.287552  -0.955308  0.0685554  -0.875847
-0.0430614 -0.0586108  -0.997352    1.07619
         0          0          0          1
v_world_imu:   0.381969  -0.372611 0.00496359
frame_3
id: 1419
stamp: 1781770598.193250656
T_odom_lidar: 
  0.940336  -0.339546 -0.0218438   -5.07624
 -0.337485  -0.938941  0.0670316  -0.914178
-0.0432703 -0.0556603  -0.997512    1.07576
         0          0          0          1
T_world_lidar: 
  0.940336  -0.339546 -0.0218438   -5.07624
 -0.337485  -0.938941  0.0670316  -0.914178
-0.0432703 -0.0556603  -0.997512    1.07576
         0          0          0          1
v_world_imu:    0.369365   -0.438414 -0.00439343
frame_4
id: 1420
stamp: 1781770598.293215275
T_odom_lidar: 
  0.926859  -0.374819 -0.0210645   -5.04119
 -0.372528  -0.925234  0.0718697  -0.953895
-0.0464277  -0.058766  -0.997192    1.07518
         0          0          0          1
T_world_lidar: 
  0.926859  -0.374819 -0.0210645   -5.04119
 -0.372528  -0.925234  0.0718697  -0.953895
-0.0464277  -0.058766  -0.997192    1.07518
         0          0          0          1
v_world_imu:    0.34049  -0.346578 -0.0106476
frame_5
id: 1421
stamp: 1781770598.393292904
T_odom_lidar: 
  0.921045  -0.388885 -0.0210833   -5.00472
 -0.386639  -0.919542  0.0703742  -0.989671
-0.0467545 -0.0566662  -0.997298    1.07488
         0          0          0          1
T_world_lidar: 
  0.921045  -0.388885 -0.0210833   -5.00472
 -0.386639  -0.919542  0.0703742  -0.989671
-0.0467545 -0.0566662  -0.997298    1.07488
         0          0          0          1
v_world_imu:   0.384041  -0.386258 -0.0161522
frame_6
id: 1422
stamp: 1781770598.493278027
T_odom_lidar: 
  0.929098  -0.369163  -0.022265   -4.96617
 -0.366886  -0.927606     0.0703   -1.02591
-0.0466053 -0.0571469  -0.997277    1.07448
         0          0          0          1
T_world_lidar: 
  0.929098  -0.369163  -0.022265   -4.96617
 -0.366886  -0.927606     0.0703   -1.02591
-0.0466053 -0.0571469  -0.997277    1.07448
         0          0          0          1
v_world_imu:   0.424947  -0.352599 -0.0181604
frame_7
id: 1423
stamp: 1781770598.593307972
T_odom_lidar: 
  0.959309  -0.280968 -0.0279898    -4.9264
 -0.278505  -0.957877  0.0700408   -1.06113
  -0.04649 -0.0593955  -0.997151     1.0742
         0          0          0          1
T_world_lidar: 
  0.959309  -0.280968 -0.0279898    -4.9264
 -0.278505  -0.957877  0.0700408   -1.06113
  -0.04649 -0.0593955  -0.997151     1.0742
         0          0          0          1
v_world_imu:    0.343679   -0.333641 -0.00613734
frame_8
id: 1424
stamp: 1781770598.693308592
T_odom_lidar: 
  0.989024  -0.145653 -0.0248173   -4.88906
 -0.144187  -0.988123  0.0531236   -1.08263
-0.0322601 -0.0489622   -0.99828    1.07521
         0          0          0          1
T_world_lidar: 
  0.989024  -0.145653 -0.0248173   -4.88906
 -0.144187  -0.988123  0.0531236   -1.08263
-0.0322601 -0.0489622   -0.99828    1.07521
         0          0          0          1
v_world_imu:  0.511725 -0.254444 0.0084635
frame_9
id: 1425
stamp: 1781770598.793126822
T_odom_lidar: 
  0.998584 -0.0441532 -0.0296582   -4.84496
-0.0423396  -0.997347  0.0592205   -1.11379
-0.0321943  -0.057881  -0.997804    1.07454
         0          0          0          1
T_world_lidar: 
  0.998584 -0.0441532 -0.0296582   -4.84496
-0.0423396  -0.997347  0.0592205   -1.11379
-0.0321943  -0.057881  -0.997804    1.07454
         0          0          0          1
v_world_imu:    0.3862 -0.169633  0.014929
frame_10
id: 1426
stamp: 1781770598.893136263
T_odom_lidar: 
  0.999358  0.0207407 -0.0291973   -4.80357
 0.0222146  -0.998447  0.0510967   -1.13466
-0.0280922 -0.0517125  -0.998267    1.07463
         0          0          0          1
T_world_lidar: 
  0.999358  0.0207407 -0.0291973   -4.80357
 0.0222146  -0.998447  0.0510967   -1.13466
-0.0280922 -0.0517125  -0.998267    1.07463
         0          0          0          1
v_world_imu:    0.421551   -0.291684 0.000207684
frame_11
id: 1427
stamp: 1781770598.993296862
T_odom_lidar: 
  0.998024  0.0534704 -0.0330129   -4.75768
  0.055035  -0.997308  0.0484592   -1.15464
-0.0303329 -0.0501803  -0.998279    1.07387
         0          0          0          1
T_world_lidar: 
  0.998024  0.0534704 -0.0330129   -4.75768
  0.055035  -0.997308  0.0484592   -1.15464
-0.0303329 -0.0501803  -0.998279    1.07387
         0          0          0          1
v_world_imu:    0.490034  -0.0878735 -0.00133275
frame_12
id: 1428
stamp: 1781770599.093225002
T_odom_lidar: 
  0.997705  0.0579779 -0.0349744   -4.71496
 0.0597646  -0.996836  0.0524108   -1.17518
-0.0318251 -0.0543807  -0.998013    1.07352
         0          0          0          1
T_world_lidar: 
  0.997705  0.0579779 -0.0349744   -4.71496
 0.0597646  -0.996836  0.0524108   -1.17518
-0.0318251 -0.0543807  -0.998013    1.07352
         0          0          0          1
v_world_imu:   0.390633  -0.209489 -0.0126735
frame_13
id: 1429
stamp: 1781770599.193303823
T_odom_lidar: 
  0.998051  0.0510268 -0.0359361   -4.67023
 0.0528443  -0.997269  0.0515888    -1.1944
-0.0332055 -0.0533873  -0.998022    1.07375
         0          0          0          1
T_world_lidar: 
  0.998051  0.0510268 -0.0359361   -4.67023
 0.0528443  -0.997269  0.0515888    -1.1944
-0.0332055 -0.0533873  -0.998022    1.07375
         0          0          0          1
v_world_imu:  0.471021 -0.267515 -0.015584
frame_14
id: 1430
stamp: 1781770599.293284893
T_odom_lidar: 
  0.998455   0.043507 -0.0345621   -4.62644
 0.0452224  -0.997699  0.0505067   -1.21449
-0.0322851 -0.0519916  -0.998126     1.0739
         0          0          0          1
T_world_lidar: 
  0.998455   0.043507 -0.0345621   -4.62644
 0.0452224  -0.997699  0.0505067   -1.21449
-0.0322851 -0.0519916  -0.998126     1.0739
         0          0          0          1
v_world_imu:    0.396648   -0.172595 -0.00172452
frame_15
id: 1431
stamp: 1781770599.393312931
T_odom_lidar: 
  0.998526  0.0399628 -0.0367248   -4.58121
 0.0418543  -0.997756  0.0522673   -1.23778
-0.0345536 -0.0537273  -0.997958    1.07389
         0          0          0          1
T_world_lidar: 
  0.998526  0.0399628 -0.0367248   -4.58121
 0.0418543  -0.997756  0.0522673   -1.23778
-0.0345536 -0.0537273  -0.997958    1.07389
         0          0          0          1
v_world_imu:   0.465511  -0.241283 0.00586873
frame_16
id: 1432
stamp: 1781770599.493326426
T_odom_lidar: 
   0.99878  0.0365339 -0.0332277   -4.53541
 0.0381112  -0.998113  0.0481459      -1.26
 -0.031406 -0.0493535  -0.998287    1.07742
         0          0          0          1
T_world_lidar: 
   0.99878  0.0365339 -0.0332277   -4.53541
 0.0381112  -0.998113  0.0481459      -1.26
 -0.031406 -0.0493535  -0.998287    1.07742
         0          0          0          1
v_world_imu:    0.530436   -0.259155 -0.00954092
frame_17
id: 1433
stamp: 1781770599.593318462
T_odom_lidar: 
  0.998709  0.0321329  -0.039354   -4.48598
 0.0342527   -0.99793  0.0544302   -1.28624
-0.0375236 -0.0557079  -0.997742    1.07337
         0          0          0          1
T_world_lidar: 
  0.998709  0.0321329  -0.039354   -4.48598
 0.0342527   -0.99793  0.0544302   -1.28624
-0.0375236 -0.0557079  -0.997742    1.07337
         0          0          0          1
v_world_imu:   0.414301  -0.187331 -0.0359716
frame_18
id: 1434
stamp: 1781770599.693248034
T_odom_lidar: 
  0.999186  0.0249543 -0.0316865   -4.44274
 0.0263747  -0.998628  0.0452296     -1.306
-0.0305144 -0.0460285  -0.998474    1.07422
         0          0          0          1
T_world_lidar: 
  0.999186  0.0249543 -0.0316865   -4.44274
 0.0263747  -0.998628  0.0452296     -1.306
-0.0305144 -0.0460285  -0.998474    1.07422
         0          0          0          1
v_world_imu:   0.540104  -0.331281 0.00549652
frame_19
id: 1435
stamp: 1781770599.793205261
T_odom_lidar: 
  0.999241  0.0150972 -0.0359229   -4.39382
 0.0169692  -0.998482  0.0523923   -1.33445
-0.0350774 -0.0529621   -0.99798    1.07565
         0          0          0          1
T_world_lidar: 
  0.999241  0.0150972 -0.0359229   -4.39382
 0.0169692  -0.998482  0.0523923   -1.33445
-0.0350774 -0.0529621   -0.99798    1.07565
         0          0          0          1
v_world_imu:  0.431499 -0.200148 0.0234839
frame_20
id: 1436
stamp: 1781770599.893215179
T_odom_lidar: 
  0.999425 0.00795921 -0.0329599   -4.34589
  0.009574  -0.998747  0.0491282   -1.35939
-0.0325275 -0.0494155  -0.998248    1.07645
         0          0          0          1
T_world_lidar: 
  0.999425 0.00795921 -0.0329599   -4.34589
  0.009574  -0.998747  0.0491282   -1.35939
-0.0325275 -0.0494155  -0.998248    1.07645
         0          0          0          1
v_world_imu:    0.539746   -0.308404 -0.00513447
frame_21
id: 1437
stamp: 1781770599.993317604
T_odom_lidar: 
    0.999446  -0.00232985   -0.0332145     -4.29558
-0.000632513    -0.998697    0.0510214     -1.38698
  -0.0332901   -0.0509721    -0.998145      1.07748
           0            0            0            1
T_world_lidar: 
    0.999446  -0.00232985   -0.0332145     -4.29558
-0.000632513    -0.998697    0.0510214     -1.38698
  -0.0332901   -0.0509721    -0.998145      1.07748
           0            0            0            1
v_world_imu:    0.473076   -0.265675 0.000517604
frame_22
id: 1438
stamp: 1781770600.093247175
T_odom_lidar: 
  0.999382 -0.0129206 -0.0326806   -4.24565
 -0.011226  -0.998609  0.0515151   -1.41545
-0.0333008 -0.0511164  -0.998137    1.07813
         0          0          0          1
T_world_lidar: 
  0.999382 -0.0129206 -0.0326806   -4.24565
 -0.011226  -0.998609  0.0515151   -1.41545
-0.0333008 -0.0511164  -0.998137    1.07813
         0          0          0          1
v_world_imu:  0.520873 -0.283295 0.0157232
frame_23
id: 1439
stamp: 1781770600.193110704
T_odom_lidar: 
   0.99907 -0.0244958 -0.0354865   -4.19187
-0.0226395  -0.998401  0.0517995   -1.44407
-0.0366986 -0.0509479  -0.998027    1.07864
         0          0          0          1
T_world_lidar: 
   0.99907 -0.0244958 -0.0354865   -4.19187
-0.0226395  -0.998401  0.0517995   -1.44407
-0.0366986 -0.0509479  -0.998027    1.07864
         0          0          0          1
v_world_imu:   0.515799  -0.280867 0.00262135
frame_24
id: 1440
stamp: 1781770600.293128967
T_odom_lidar: 
  0.998788 -0.0368528 -0.0326372   -4.14159
-0.0351694  -0.998093  0.0507332   -1.47247
-0.0344446 -0.0495238  -0.998179     1.0785
         0          0          0          1
T_world_lidar: 
  0.998788 -0.0368528 -0.0326372   -4.14159
-0.0351694  -0.998093  0.0507332   -1.47247
-0.0344446 -0.0495238  -0.998179     1.0785
         0          0          0          1
v_world_imu:   0.542215  -0.267547 0.00296126
frame_25
id: 1441
stamp: 1781770600.393237114
T_odom_lidar: 
  0.998203 -0.0486383 -0.0350035   -4.08843
-0.0467877  -0.997557  0.0518742   -1.50143
-0.0374411 -0.0501433   -0.99804    1.07832
         0          0          0          1
T_world_lidar: 
  0.998203 -0.0486383 -0.0350035   -4.08843
-0.0467877  -0.997557  0.0518742   -1.50143
-0.0374411 -0.0501433   -0.99804    1.07832
         0          0          0          1
v_world_imu:   0.501421  -0.275456 0.00809304
frame_26
id: 1442
stamp: 1781770600.493135929
T_odom_lidar: 
  0.997904 -0.0560993 -0.0322448   -4.03987
-0.0544934  -0.997326  0.0486932   -1.52567
-0.0348902  -0.046834  -0.998293    1.07878
         0          0          0          1
T_world_lidar: 
  0.997904 -0.0560993 -0.0322448   -4.03987
-0.0544934  -0.997326  0.0486932   -1.52567
-0.0348902  -0.046834  -0.998293    1.07878
         0          0          0          1
v_world_imu:    0.500648   -0.237765 -0.00405538
frame_27
id: 1443
stamp: 1781770600.593252659
T_odom_lidar: 
  0.997774 -0.0563022 -0.0357295    -3.9873
-0.0544238  -0.997187  0.0515309   -1.55032
-0.0385303 -0.0494716  -0.998032    1.07893
         0          0          0          1
T_world_lidar: 
  0.997774 -0.0563022 -0.0357295    -3.9873
-0.0544238  -0.997187  0.0515309   -1.55032
-0.0385303 -0.0494716  -0.998032    1.07893
         0          0          0          1
v_world_imu:  0.496045 -0.211788  0.014353
frame_28
id: 1444
stamp: 1781770600.693270922
T_odom_lidar: 
  0.997929 -0.0549429 -0.0334609    -3.9391
-0.0532708  -0.997379  0.0489648   -1.57117
-0.0360635 -0.0470809   -0.99824    1.08027
         0          0          0          1
T_world_lidar: 
  0.997929 -0.0549429 -0.0334609    -3.9391
-0.0532708  -0.997379  0.0489648   -1.57117
-0.0360635 -0.0470809   -0.99824    1.08027
         0          0          0          1
v_world_imu:    0.488946   -0.227268 -0.00498413
frame_29
id: 1445
stamp: 1781770600.793204308
T_odom_lidar: 
  0.998303 -0.0467023  -0.034788   -3.88771
-0.0450145  -0.997841  0.0478139   -1.59161
 -0.036946 -0.0461668   -0.99825    1.08119
         0          0          0          1
T_world_lidar: 
  0.998303 -0.0467023  -0.034788   -3.88771
-0.0450145  -0.997841  0.0478139   -1.59161
 -0.036946 -0.0461668   -0.99825    1.08119
         0          0          0          1
v_world_imu:   0.519891  -0.206434 0.00350832
frame_30
id: 1446
stamp: 1781770600.893162012
T_odom_lidar: 
  0.998823 -0.0328679 -0.0356817   -3.83722
-0.0311295  -0.998351  0.0482281   -1.61157
 -0.037208 -0.0470605  -0.998199    1.08157
         0          0          0          1
T_world_lidar: 
  0.998823 -0.0328679 -0.0356817   -3.83722
-0.0311295  -0.998351  0.0482281   -1.61157
 -0.037208 -0.0470605  -0.998199    1.08157
         0          0          0          1
v_world_imu:  0.484202 -0.184516 0.0190801
frame_31
id: 1447
stamp: 1781770600.993240118
T_odom_lidar: 
  0.999351 -0.0125062 -0.0337855   -3.78779
-0.0109203  -0.998848  0.0467256   -1.63126
-0.0343309 -0.0463264  -0.998336    1.08218
         0          0          0          1
T_world_lidar: 
  0.999351 -0.0125062 -0.0337855   -3.78779
-0.0109203  -0.998848  0.0467256   -1.63126
-0.0343309 -0.0463264  -0.998336    1.08218
         0          0          0          1
v_world_imu:  0.518412 -0.182758 0.0199567
frame_32
id: 1448
stamp: 1781770601.093159437
T_odom_lidar: 
  0.999322 0.00680092 -0.0361846   -3.73683
0.00844613  -0.998928  0.0455103   -1.65025
-0.0358363 -0.0457851  -0.998308    1.08309
         0          0          0          1
T_world_lidar: 
  0.999322 0.00680092 -0.0361846   -3.73683
0.00844613  -0.998928  0.0455103   -1.65025
-0.0358363 -0.0457851  -0.998308    1.08309
         0          0          0          1
v_world_imu:  0.501236  -0.17544 0.0153745
frame_33
id: 1449
stamp: 1781770601.193129539
T_odom_lidar: 
  0.999021  0.0273951 -0.0347476   -3.68799
 0.0288707  -0.998671  0.0427013   -1.66747
-0.0335316 -0.0436626  -0.998483    1.08419
         0          0          0          1
T_world_lidar: 
  0.999021  0.0273951 -0.0347476   -3.68799
 0.0288707  -0.998671  0.0427013   -1.66747
-0.0335316 -0.0436626  -0.998483    1.08419
         0          0          0          1
v_world_imu:   0.484276  -0.177331 0.00759359
frame_34
id: 1450
stamp: 1781770601.293292284
T_odom_lidar: 
  0.998229  0.0454651 -0.0383622   -3.63725
 0.0471449  -0.997915  0.0440838   -1.68589
-0.0362779 -0.0458143  -0.998291     1.0848
         0          0          0          1
T_world_lidar: 
  0.998229  0.0454651 -0.0383622   -3.63725
 0.0471449  -0.997915  0.0440838   -1.68589
-0.0362779 -0.0458143  -0.998291     1.0848
         0          0          0          1
v_world_imu:  0.475046 -0.201842 -0.006396
frame_35
id: 1451
stamp: 1781770601.393314123
T_odom_lidar: 
  0.997126  0.0662518 -0.0367371   -3.59059
 0.0677658  -0.996833  0.0416216   -1.70193
-0.0338632 -0.0439915  -0.998458    1.08543
         0          0          0          1
T_world_lidar: 
  0.997126  0.0662518 -0.0367371   -3.59059
 0.0677658  -0.996833  0.0416216   -1.70193
-0.0338632 -0.0439915  -0.998458    1.08543
         0          0          0          1
v_world_imu:   0.438761  -0.163557 -0.0016483
frame_36
id: 1452
stamp: 1781770601.493208408
T_odom_lidar: 
  0.995513  0.0874685 -0.0360889   -3.54515
  0.088943  -0.995172  0.0415015   -1.71857
-0.0322846 -0.0445252  -0.998486    1.08604
         0          0          0          1
T_world_lidar: 
  0.995513  0.0874685 -0.0360889   -3.54515
  0.088943  -0.995172  0.0415015   -1.71857
-0.0322846 -0.0445252  -0.998486    1.08604
         0          0          0          1
v_world_imu:   0.487509   -0.16136 0.00251193
frame_37
id: 1453
stamp: 1781770601.593219995
T_odom_lidar: 
  0.993646   0.106442 -0.0365629   -3.49756
  0.107944  -0.993274  0.0418937    -1.7368
-0.0318578 -0.0455743  -0.998453    1.08669
         0          0          0          1
T_world_lidar: 
  0.993646   0.106442 -0.0365629   -3.49756
  0.107944  -0.993274  0.0418937    -1.7368
-0.0318578 -0.0455743  -0.998453    1.08669
         0          0          0          1
v_world_imu:  0.463461 -0.145767  0.012501
frame_38
id: 1454
stamp: 1781770601.693241119
T_odom_lidar: 
  0.991503   0.125219 -0.0352337   -3.45072
  0.126547  -0.991218  0.0383823   -1.75247
-0.0301181 -0.0425149  -0.998642    1.08767
         0          0          0          1
T_world_lidar: 
  0.991503   0.125219 -0.0352337   -3.45072
  0.126547  -0.991218  0.0383823   -1.75247
-0.0301181 -0.0425149  -0.998642    1.08767
         0          0          0          1
v_world_imu:  0.452535 -0.178872 0.0109434
frame_39
id: 1455
stamp: 1781770601.793305635
T_odom_lidar: 
  0.989915   0.136771 -0.0369038   -3.40308
  0.138156  -0.989681  0.0380018   -1.76927
-0.0313254  -0.042717  -0.998596    1.08821
         0          0          0          1
T_world_lidar: 
  0.989915   0.136771 -0.0369038   -3.40308
  0.138156  -0.989681  0.0380018   -1.76927
-0.0313254  -0.042717  -0.998596    1.08821
         0          0          0          1
v_world_imu:  0.473622 -0.162188 0.0169538
frame_40
id: 1456
stamp: 1781770601.893328667
T_odom_lidar: 
  0.989879   0.137464 -0.0352493   -3.35696
  0.138697  -0.989705  0.0353164   -1.78512
-0.0300317  -0.039848  -0.998754     1.0889
         0          0          0          1
T_world_lidar: 
  0.989879   0.137464 -0.0352493   -3.35696
  0.138697  -0.989705  0.0353164   -1.78512
-0.0300317  -0.039848  -0.998754     1.0889
         0          0          0          1
v_world_imu:  0.469328 -0.153259 0.0132724
frame_41
id: 1457
stamp: 1781770601.993225336
T_odom_lidar: 
  0.990165    0.13557 -0.0345542   -3.30992
  0.136812  -0.989924    0.03652   -1.80282
-0.0292549 -0.0408882  -0.998735    1.08975
         0          0          0          1
T_world_lidar: 
  0.990165    0.13557 -0.0345542   -3.30992
  0.136812  -0.989924    0.03652   -1.80282
-0.0292549 -0.0408882  -0.998735    1.08975
         0          0          0          1
v_world_imu:   0.492901  -0.174069 0.00826997
frame_42
id: 1458
stamp: 1781770602.093311310
T_odom_lidar: 
   0.99123   0.127096 -0.0361882   -3.26003
  0.128429  -0.991019  0.0372552   -1.82114
-0.0311282  -0.041576   -0.99865    1.09038
         0          0          0          1
T_world_lidar: 
   0.99123   0.127096 -0.0361882   -3.26003
  0.128429  -0.991019  0.0372552   -1.82114
-0.0311282  -0.041576   -0.99865    1.09038
         0          0          0          1
v_world_imu:    0.475758   -0.190419 -0.00282158
frame_43
id: 1459
stamp: 1781770602.193327427
T_odom_lidar: 
  0.992226   0.119186 -0.0358155   -3.21279
  0.120479  -0.992047  0.0364311    -1.8392
-0.0311886 -0.0404629  -0.998694    1.09127
         0          0          0          1
T_world_lidar: 
  0.992226   0.119186 -0.0358155   -3.21279
  0.120479  -0.992047  0.0364311    -1.8392
-0.0311886 -0.0404629  -0.998694    1.09127
         0          0          0          1
v_world_imu:    0.457371   -0.209449 -0.00222127
frame_44
id: 1460
stamp: 1781770602.293196917
T_odom_lidar: 
  0.992803   0.113156 -0.0392135   -3.16226
   0.11465  -0.992671  0.0382084    -1.8588
-0.0346026 -0.0424293    -0.9985    1.09183
         0          0          0          1
T_world_lidar: 
  0.992803   0.113156 -0.0392135   -3.16226
   0.11465  -0.992671  0.0382084    -1.8588
-0.0346026 -0.0424293    -0.9985    1.09183
         0          0          0          1
v_world_imu:  0.485369 -0.181332  0.005271
frame_45
id: 1461
stamp: 1781770602.393327475
T_odom_lidar: 
  0.993304   0.109899 -0.0356155   -3.11551
  0.111186  -0.993132  0.0364124   -1.87648
-0.0313693 -0.0401285  -0.998702    1.09248
         0          0          0          1
T_world_lidar: 
  0.993304   0.109899 -0.0356155   -3.11551
  0.111186  -0.993132  0.0364124   -1.87648
-0.0313693 -0.0401285  -0.998702    1.09248
         0          0          0          1
v_world_imu:  0.502976 -0.210723  0.004624
frame_46
id: 1462
stamp: 1781770602.493247032
T_odom_lidar: 
  0.993762   0.105263 -0.0368411   -3.06652
  0.106576  -0.993663     0.0357   -1.89555
-0.0328498 -0.0394037  -0.998683    1.09298
         0          0          0          1
T_world_lidar: 
  0.993762   0.105263 -0.0368411   -3.06652
  0.106576  -0.993663     0.0357   -1.89555
-0.0328498 -0.0394037  -0.998683    1.09298
         0          0          0          1
v_world_imu:  0.475087 -0.166889 0.0155314
frame_47
id: 1463
stamp: 1781770602.593400478
T_odom_lidar: 
  0.994073   0.101442 -0.0390975   -3.01819
  0.102854  -0.994046  0.0359591   -1.91501
 -0.035217 -0.0397672  -0.998588    1.09301
         0          0          0          1
T_world_lidar: 
  0.994073   0.101442 -0.0390975   -3.01819
  0.102854  -0.994046  0.0359591   -1.91501
 -0.035217 -0.0397672  -0.998588    1.09301
         0          0          0          1
v_world_imu:   0.465518  -0.188417 0.00919742
frame_48
id: 1464
stamp: 1781770602.693326950
T_odom_lidar: 
  0.994635  0.0971514 -0.0355326   -2.97399
 0.0983842  -0.994541  0.0347657   -1.93291
-0.0319611 -0.0380751  -0.998764    1.09375
         0          0          0          1
T_world_lidar: 
  0.994635  0.0971514 -0.0355326   -2.97399
 0.0983842  -0.994541  0.0347657   -1.93291
-0.0319611 -0.0380751  -0.998764    1.09375
         0          0          0          1
v_world_imu:  0.462102 -0.179725 0.0074136
frame_49
id: 1465
stamp: 1781770602.793210745
T_odom_lidar: 
  0.995191  0.0896768  -0.039398   -2.92859
 0.0911456  -0.995142  0.0372115   -1.95162
-0.0358696 -0.0406235   -0.99853    1.09381
         0          0          0          1
T_world_lidar: 
  0.995191  0.0896768  -0.039398   -2.92859
 0.0911456  -0.995142  0.0372115   -1.95162
-0.0358696 -0.0406235   -0.99853    1.09381
         0          0          0          1
v_world_imu:    0.396056   -0.163022 -0.00889293
frame_50
id: 1466
stamp: 1781770602.893241882
T_odom_lidar: 
  0.996155   0.079258 -0.0373395   -2.89135
 0.0805908  -0.996109  0.0356552   -1.96495
-0.0343682 -0.0385273  -0.998666    1.09408
         0          0          0          1
T_world_lidar: 
  0.996155   0.079258 -0.0373395   -2.89135
 0.0805908  -0.996109  0.0356552   -1.96495
-0.0343682 -0.0385273  -0.998666    1.09408
         0          0          0          1
v_world_imu:   0.382477  -0.152808 -0.0121676
frame_51
id: 1467
stamp: 1781770602.993232012
T_odom_lidar: 
  0.996309  0.0771336 -0.0376714   -2.85501
 0.0785374  -0.996212  0.0373243   -1.97676
-0.0346497 -0.0401452  -0.998593    1.09432
         0          0          0          1
T_world_lidar: 
  0.996309  0.0771336 -0.0376714   -2.85501
 0.0785374  -0.996212  0.0373243   -1.97676
-0.0346497 -0.0401452  -0.998593    1.09432
         0          0          0          1
v_world_imu:   0.365503 -0.0645583 0.00386307
frame_52
id: 1468
stamp: 1781770603.093206167
T_odom_lidar: 
  0.995931   0.080611 -0.0402888   -2.81942
 0.0821387  -0.995903  0.0378212    -1.9839
-0.0370749 -0.0409766  -0.998472    1.09494
         0          0          0          1
T_world_lidar: 
  0.995931   0.080611 -0.0402888   -2.81942
 0.0821387  -0.995903  0.0378212    -1.9839
-0.0370749 -0.0409766  -0.998472    1.09494
         0          0          0          1
v_world_imu:    0.30759 -0.0468136 0.00185334
frame_53
id: 1469
stamp: 1781770603.193252802
T_odom_lidar: 
  0.995444  0.0864281 -0.0402669   -2.79163
 0.0879177  -0.995447  0.0368168   -1.98867
-0.0369015 -0.0401893   -0.99851    1.09497
         0          0          0          1
T_world_lidar: 
  0.995444  0.0864281 -0.0402669   -2.79163
 0.0879177  -0.995447  0.0368168   -1.98867
-0.0369015 -0.0401893   -0.99851    1.09497
         0          0          0          1
v_world_imu:   0.258689 -0.0558983 0.00458157
frame_54
id: 1470
stamp: 1781770603.293284655
T_odom_lidar: 
   0.99505  0.0911103 -0.0396807   -2.76914
 0.0925839  -0.995016  0.0370311   -1.99285
 -0.036109 -0.0405216  -0.998526    1.09489
         0          0          0          1
T_world_lidar: 
   0.99505  0.0911103 -0.0396807   -2.76914
 0.0925839  -0.995016  0.0370311   -1.99285
 -0.036109 -0.0405216  -0.998526    1.09489
         0          0          0          1
v_world_imu:   0.196749 -0.0255179  0.0116699
frame_55
id: 1471
stamp: 1781770603.393219471
T_odom_lidar: 
  0.994496   0.097159 -0.0392043   -2.75285
 0.0986018  -0.994449  0.0367155   -1.99706
-0.0354194  -0.040379  -0.998556    1.09502
         0          0          0          1
T_world_lidar: 
  0.994496   0.097159 -0.0392043   -2.75285
 0.0986018  -0.994449  0.0367155   -1.99706
-0.0354194  -0.040379  -0.998556    1.09502
         0          0          0          1
v_world_imu:   0.125701 -0.0352326 0.00542684
frame_56
id: 1472
stamp: 1781770603.493197680
T_odom_lidar: 
  0.994031   0.101483 -0.0400373   -2.74199
  0.102975   -0.99399  0.0371499   -1.99938
-0.0360266  -0.041051  -0.998507    1.09489
         0          0          0          1
T_world_lidar: 
  0.994031   0.101483 -0.0400373   -2.74199
  0.102975   -0.99399  0.0371499   -1.99938
-0.0360266  -0.041051  -0.998507    1.09489
         0          0          0          1
v_world_imu:   0.0861982   -0.028474 -0.00496408
frame_57
id: 1473
stamp: 1781770603.593286514
T_odom_lidar: 
  0.993729   0.104708 -0.0392348   -2.73584
  0.106212    -0.9936  0.0384437   -2.00059
-0.0349584 -0.0423698   -0.99849    1.09506
         0          0          0          1
T_world_lidar: 
  0.993729   0.104708 -0.0392348   -2.73584
  0.106212    -0.9936  0.0384437   -2.00059
-0.0349584 -0.0423698   -0.99849    1.09506
         0          0          0          1
v_world_imu:   0.0480752 -0.00710775 -0.00713228
frame_58
id: 1474
stamp: 1781770603.693257332
T_odom_lidar: 
  0.993572   0.106313 -0.0388928   -2.73334
  0.107857   -0.99336  0.0400297   -2.00169
-0.0343789 -0.0439672  -0.998441     1.0951
         0          0          0          1
T_world_lidar: 
  0.993572   0.106313 -0.0388928   -2.73334
  0.107857   -0.99336  0.0400297   -2.00169
-0.0343789 -0.0439672  -0.998441     1.0951
         0          0          0          1
v_world_imu:  0.00179696 -0.00852472  -0.0111587
frame_59
id: 1475
stamp: 1781770603.793207169
T_odom_lidar: 
  0.993575   0.106031 -0.0395814   -2.73565
  0.107523  -0.993488  0.0376897   -2.00115
-0.0353274 -0.0417034  -0.998505    1.09489
         0          0          0          1
T_world_lidar: 
  0.993575   0.106031 -0.0395814   -2.73565
  0.107523  -0.993488  0.0376897   -2.00115
-0.0353274 -0.0417034  -0.998505    1.09489
         0          0          0          1
v_world_imu:  -0.0339861  0.00526465 -0.00605402
frame_60
id: 1476
stamp: 1781770603.893273354
T_odom_lidar: 
  0.993592   0.105551 -0.0404254   -2.73868
  0.107066   -0.99355  0.0373602   -2.00075
-0.0362213  -0.041449  -0.998484    1.09471
         0          0          0          1
T_world_lidar: 
  0.993592   0.105551 -0.0404254   -2.73868
  0.107066   -0.99355  0.0373602   -2.00075
-0.0362213  -0.041449  -0.998484    1.09471
         0          0          0          1
v_world_imu: -0.0429136 0.00518774 0.00183673
frame_61
id: 1477
stamp: 1781770603.993127584
T_odom_lidar: 
  0.993748    0.10429 -0.0398458   -2.74282
  0.105779   -0.99369  0.0372984   -2.00066
-0.0357046 -0.0412801  -0.998509    1.09453
         0          0          0          1
T_world_lidar: 
  0.993748    0.10429 -0.0398458   -2.74282
  0.105779   -0.99369  0.0372984   -2.00066
-0.0357046 -0.0412801  -0.998509    1.09453
         0          0          0          1
v_world_imu:  -0.0374024 0.000558533  0.00914811
frame_62
id: 1478
stamp: 1781770604.093175888
T_odom_lidar: 
   0.99399   0.102231 -0.0391518   -2.74746
  0.103682  -0.993921  0.0370173   -2.00076
-0.0351295 -0.0408541  -0.998547    1.09468
         0          0          0          1
T_world_lidar: 
   0.99399   0.102231 -0.0391518   -2.74746
  0.103682  -0.993921  0.0370173   -2.00076
-0.0351295 -0.0408541  -0.998547    1.09468
         0          0          0          1
v_world_imu: -0.0388871 0.00527593 0.00929343
frame_63
id: 1479
stamp: 1781770604.193294048
T_odom_lidar: 
  0.994093   0.100866 -0.0400587   -2.75103
  0.102332  -0.994083  0.0364166   -2.00025
-0.0361485 -0.0403008  -0.998533    1.09451
         0          0          0          1
T_world_lidar: 
  0.994093   0.100866 -0.0400587   -2.75103
  0.102332  -0.994083  0.0364166   -2.00025
-0.0361485 -0.0403008  -0.998533    1.09451
         0          0          0          1
v_world_imu: -0.0493462  0.0134662 0.00178935
frame_64
id: 1480
stamp: 1781770604.293175936
T_odom_lidar: 
  0.994284  0.0993763 -0.0390361   -2.75512
  0.100847  -0.994187  0.0377048   -1.99909
-0.0350622 -0.0414259  -0.998526    1.09419
         0          0          0          1
T_world_lidar: 
  0.994284  0.0993763 -0.0390361   -2.75512
  0.100847  -0.994187  0.0377048   -1.99909
-0.0350622 -0.0414259  -0.998526    1.09419
         0          0          0          1
v_world_imu:  -0.0406944  0.00446186 -0.00859224
frame_65
id: 1481
stamp: 1781770604.393200397
T_odom_lidar: 
  0.994497  0.0973007  -0.038838    -2.7591
 0.0987713  -0.994387  0.0379342   -1.99845
 -0.034929 -0.0415615  -0.998525    1.09383
         0          0          0          1
T_world_lidar: 
  0.994497  0.0973007  -0.038838    -2.7591
 0.0987713  -0.994387  0.0379342   -1.99845
 -0.034929 -0.0415615  -0.998525    1.09383
         0          0          0          1
v_world_imu: -0.0319535  0.0023293 -0.0142495
frame_66
id: 1482
stamp: 1781770604.493304253
T_odom_lidar: 
  0.994494  0.0969585 -0.0397701   -2.76304
 0.0984383  -0.994451   0.037106   -1.99757
-0.0359517 -0.0408166   -0.99852    1.09338
         0          0          0          1
T_world_lidar: 
  0.994494  0.0969585 -0.0397701   -2.76304
 0.0984383  -0.994451   0.037106   -1.99757
-0.0359517 -0.0408166   -0.99852    1.09338
         0          0          0          1
v_world_imu: -0.0407651 0.00756069 -0.0126362
frame_67
id: 1483
stamp: 1781770604.593955755
T_odom_lidar: 
  0.994248  0.0991138 -0.0405907   -2.76741
   0.10062   -0.99424  0.0369192   -1.99647
-0.0366977 -0.0407911  -0.998494    1.09307
         0          0          0          1
T_world_lidar: 
  0.994248  0.0991138 -0.0405907   -2.76741
   0.10062   -0.99424  0.0369192   -1.99647
-0.0366977 -0.0407911  -0.998494    1.09307
         0          0          0          1
v_world_imu:  -0.0522196   0.0129981 -0.00542992
frame_68
id: 1484
stamp: 1781770604.693196297
T_odom_lidar: 
  0.994182  0.0993121 -0.0417075   -2.77201
  0.100819  -0.994263  0.0357185   -1.99622
 -0.037921 -0.0397156  -0.998491    1.09269
         0          0          0          1
T_world_lidar: 
  0.994182  0.0993121 -0.0417075   -2.77201
  0.100819  -0.994263  0.0357185   -1.99622
 -0.037921 -0.0397156  -0.998491    1.09269
         0          0          0          1
v_world_imu:   -0.0480132 -0.000563807   0.00319587
frame_69
id: 1485
stamp: 1781770604.793332100
T_odom_lidar: 
  0.993821   0.102906 -0.0416015    -2.7778
   0.10438  -0.993924  0.0349419   -1.99652
 -0.037753 -0.0390684  -0.998523    1.09252
         0          0          0          1
T_world_lidar: 
  0.993821   0.102906 -0.0416015    -2.7778
   0.10438  -0.993924  0.0349419   -1.99652
 -0.037753 -0.0390684  -0.998523    1.09252
         0          0          0          1
v_world_imu: -0.0586613 -0.0042915 0.00761275
frame_70
id: 1486
stamp: 1781770604.893246889
T_odom_lidar: 
  0.993268    0.10786 -0.0422388   -2.78411
  0.109295  -0.993453  0.0332652   -1.99758
-0.0383742 -0.0376577  -0.998554    1.09222
         0          0          0          1
T_world_lidar: 
  0.993268    0.10786 -0.0422388   -2.78411
  0.109295  -0.993453  0.0332652   -1.99758
-0.0383742 -0.0376577  -0.998554    1.09222
         0          0          0          1
v_world_imu:  -0.0590135 -0.00494048   0.0063347
frame_71
id: 1487
stamp: 1781770604.993235350
T_odom_lidar: 
  0.992974   0.110793 -0.0415734   -2.78934
  0.112247  -0.993084  0.0344215   -1.99848
-0.0374722 -0.0388461  -0.998542    1.09234
         0          0          0          1
T_world_lidar: 
  0.992974   0.110793 -0.0415734   -2.78934
  0.112247  -0.993084  0.0344215   -1.99848
-0.0374722 -0.0388461  -0.998542    1.09234
         0          0          0          1
v_world_imu: -0.0537045 -0.0104507 0.00344811
frame_72
id: 1488
stamp: 1781770605.093224764
T_odom_lidar: 
  0.993209   0.109319 -0.0398081   -2.79452
  0.110743  -0.993214  0.0355116   -1.99831
-0.0356559 -0.0396789  -0.998576    1.09258
         0          0          0          1
T_world_lidar: 
  0.993209   0.109319 -0.0398081   -2.79452
  0.110743  -0.993214  0.0355116   -1.99831
-0.0356559 -0.0396789  -0.998576    1.09258
         0          0          0          1
v_world_imu:   -0.048377 -0.00495945 -0.00604358
frame_73
id: 1489
stamp: 1781770605.193204880
T_odom_lidar: 
  0.993057   0.110617 -0.0400203   -2.79792
  0.112055  -0.993061  0.0356838   -1.99839
-0.0357953 -0.0399205  -0.998561    1.09263
         0          0          0          1
T_world_lidar: 
  0.993057   0.110617 -0.0400203   -2.79792
  0.112055  -0.993061  0.0356838   -1.99839
-0.0357953 -0.0399205  -0.998561    1.09263
         0          0          0          1
v_world_imu:  -0.0333244 -0.00210812 -0.00854117
frame_74
id: 1490
stamp: 1781770605.293217897
T_odom_lidar: 
  0.992248   0.117915 -0.0392316   -2.80123
  0.119329  -0.992206  0.0358951   -1.99812
-0.0346932 -0.0402983  -0.998585    1.09286
         0          0          0          1
T_world_lidar: 
  0.992248   0.117915 -0.0392316   -2.80123
  0.119329  -0.992206  0.0358951   -1.99812
-0.0346932 -0.0402983  -0.998585    1.09286
         0          0          0          1
v_world_imu:   -0.023503  0.00981433 -0.00438052
frame_75
id: 1491
stamp: 1781770605.393316984
T_odom_lidar: 
  0.991279   0.126064 -0.0383981    -2.8041
  0.127475  -0.991158  0.0368175   -1.99764
-0.0334172 -0.0413912  -0.998584     1.0931
         0          0          0          1
T_world_lidar: 
  0.991279   0.126064 -0.0383981    -2.8041
  0.127475  -0.991158  0.0368175   -1.99764
-0.0334172 -0.0413912  -0.998584     1.0931
         0          0          0          1
v_world_imu: -0.0219713 0.00667469 0.00167314
frame_76
id: 1492
stamp: 1781770605.493278980
T_odom_lidar: 
  0.990056   0.135366  -0.038281   -2.80659
  0.136741  -0.989956  0.0358993   -1.99693
-0.0330369 -0.0407769  -0.998622    1.09311
         0          0          0          1
T_world_lidar: 
  0.990056   0.135366  -0.038281   -2.80659
  0.136741  -0.989956  0.0358993   -1.99693
-0.0330369 -0.0407769  -0.998622    1.09311
         0          0          0          1
v_world_imu:  -0.034121 0.00665993 0.00470519
frame_77
id: 1493
stamp: 1781770605.593146086
T_odom_lidar: 
  0.989238   0.141346  -0.037804   -2.81026
  0.142612  -0.989222  0.0332006   -1.99523
-0.0327037 -0.0382346  -0.998733    1.09288
         0          0          0          1
T_world_lidar: 
  0.989238   0.141346  -0.037804   -2.81026
  0.142612  -0.989222  0.0332006   -1.99523
-0.0327037 -0.0382346  -0.998733    1.09288
         0          0          0          1
v_world_imu: -0.0385572  0.0262178  0.0094507
frame_78
id: 1494
stamp: 1781770605.693319082
T_odom_lidar: 
  0.989209   0.141898 -0.0364835   -2.81201
  0.143198  -0.989043  0.0358931   -1.99492
-0.0309906 -0.0407301  -0.998689     1.0928
         0          0          0          1
T_world_lidar: 
  0.989209   0.141898 -0.0364835   -2.81201
  0.143198  -0.989043  0.0358931   -1.99492
-0.0309906 -0.0407301  -0.998689     1.0928
         0          0          0          1
v_world_imu: -0.0143467 0.00379816 0.00708742
frame_79
id: 1495
stamp: 1781770605.793327808
T_odom_lidar: 
  0.989453   0.140122 -0.0367167   -2.81305
  0.141407  -0.989329  0.0350949   -1.99461
-0.0314073 -0.0399168  -0.998709    1.09293
         0          0          0          1
T_world_lidar: 
  0.989453   0.140122 -0.0367167   -2.81305
  0.141407  -0.989329  0.0350949   -1.99461
-0.0314073 -0.0399168  -0.998709    1.09293
         0          0          0          1
v_world_imu: -0.000192082  -0.00368882  -0.00112894
frame_80
id: 1496
stamp: 1781770605.893164635
T_odom_lidar: 
    0.9895   0.139573 -0.0375297   -2.81307
  0.140864  -0.989435  0.0342846    -1.9947
 -0.032348 -0.0392112  -0.998707    1.09302
         0          0          0          1
T_world_lidar: 
    0.9895   0.139573 -0.0375297   -2.81307
  0.140864  -0.989435  0.0342846    -1.9947
 -0.032348 -0.0392112  -0.998707    1.09302
         0          0          0          1
v_world_imu:  0.00173167 -0.00260278 -0.00804031
frame_81
id: 1497
stamp: 1781770605.993190289
T_odom_lidar: 
  0.989534   0.139397 -0.0372845   -2.81316
  0.140695  -0.989442  0.0347915   -1.99496
 -0.032041 -0.0396732  -0.998699    1.09306
         0          0          0          1
T_world_lidar: 
  0.989534   0.139397 -0.0372845   -2.81316
  0.140695  -0.989442  0.0347915   -1.99496
 -0.032041 -0.0396732  -0.998699    1.09306
         0          0          0          1
v_world_imu:  0.00276084 -0.00494043   -0.010171
frame_82
id: 1498
stamp: 1781770606.093280077
T_odom_lidar: 
  0.989532   0.139159  -0.038238   -2.81308
