id: 1
T_world_origin: 
  -0.943354   -0.318755    0.092081    -1.71208
  -0.317898    0.947815   0.0242186   -0.150036
 -0.0949955 -0.00642571   -0.995457     1.15157
          0           0           0           1
T_origin_endpoint_L: 
   0.544179   -0.837065   0.0564921     -1.4217
   0.838961     0.54323  -0.0323389  -0.0388876
-0.00361841   0.0649928    0.997879   0.0868753
          0           0           0           1
T_origin_endpoint_R: 
   0.980301    0.197502  0.00182215     1.29083
  -0.197507    0.980295  0.00363409   -0.478123
-0.00106851 -0.00392239    0.999992  -0.0654676
          0           0           0           1
T_lidar_imu: 
     1      0      0  0.006
     0      1      0 -0.012
     0      0      1  0.008
     0      0      0      1
imu_bias:  0.00373922  -0.0002996 -0.00263084 -0.00685357 -0.00128097  0.00459604
frame_id: 2
num_frames: 82
frame_0
id: 1721
stamp: 1782127959.585767508
T_odom_lidar: 
 -0.780357   0.623408  0.0490374  -0.337976
  0.623041   0.781811 -0.0243257   0.274761
-0.0535028  0.0115696  -0.998501    1.20823
         0          0          0          1
T_world_lidar: 
 -0.780357   0.623408  0.0490374  -0.337976
  0.623041   0.781811 -0.0243257   0.274761
-0.0535028  0.0115696  -0.998501    1.20823
         0          0          0          1
v_world_imu:   -0.342107    0.140466 -0.00273284
frame_1
id: 1722
stamp: 1782127959.685737610
T_odom_lidar: 
 -0.789559   0.611412  0.0526522   -0.37364
  0.611033   0.791214 -0.0248894   0.289416
-0.0568768  0.0125206  -0.998303    1.20801
         0          0          0          1
T_world_lidar: 
 -0.789559   0.611412  0.0526522   -0.37364
  0.611033   0.791214 -0.0248894   0.289416
-0.0568768  0.0125206  -0.998303    1.20801
         0          0          0          1
v_world_imu:   -0.344387    0.138504 -0.00164996
frame_2
id: 1723
stamp: 1782127959.785877705
T_odom_lidar: 
 -0.798863   0.599345   0.051029  -0.405581
  0.598997   0.800405 -0.0235461   0.301573
-0.0549561  0.0117561   -0.99842    1.20776
         0          0          0          1
T_world_lidar: 
 -0.798863   0.599345   0.051029  -0.405581
  0.598997   0.800405 -0.0235461   0.301573
-0.0549561  0.0117561   -0.99842    1.20776
         0          0          0          1
v_world_imu:  -0.318544   0.126207 0.00476799
frame_3
id: 1724
stamp: 1782127959.885752439
T_odom_lidar: 
 -0.807616   0.587251  0.0537817  -0.438395
  0.586858    0.80932 -0.0244959   0.314267
-0.0579118  0.0117789  -0.998252    1.20719
         0          0          0          1
T_world_lidar: 
 -0.807616   0.587251  0.0537817  -0.438395
  0.586858    0.80932 -0.0244959   0.314267
-0.0579118  0.0117789  -0.998252    1.20719
         0          0          0          1
v_world_imu:   -0.322438    0.117698 -0.00361853
frame_4
id: 1725
stamp: 1782127959.985876083
T_odom_lidar: 
 -0.816238   0.575139  0.0545062  -0.472422
  0.574779   0.817967 -0.0236355   0.324764
 -0.058178  0.0120368  -0.998234    1.20643
         0          0          0          1
T_world_lidar: 
 -0.816238   0.575139  0.0545062  -0.472422
  0.574779   0.817967 -0.0236355   0.324764
 -0.058178  0.0120368  -0.998234    1.20643
         0          0          0          1
v_world_imu:   -0.350928   0.0982347 -0.00742228
frame_5
id: 1726
stamp: 1782127960.085833073
T_odom_lidar: 
 -0.824799    0.56277   0.054737  -0.505521
  0.562483   0.826517 -0.0219922    0.33425
-0.0576176  0.0126495  -0.998259    1.20579
         0          0          0          1
T_world_lidar: 
 -0.824799    0.56277   0.054737  -0.505521
  0.562483   0.826517 -0.0219922    0.33425
-0.0576176  0.0126495  -0.998259    1.20579
         0          0          0          1
v_world_imu:   -0.32325   0.108227 -0.0113905
frame_6
id: 1727
stamp: 1782127960.185853958
T_odom_lidar: 
 -0.834095   0.548834   0.055383   -0.53838
  0.548523   0.835845 -0.0220334   0.343333
-0.0583843  0.0120009  -0.998222    1.20452
         0          0          0          1
T_world_lidar: 
 -0.834095   0.548834   0.055383   -0.53838
  0.548523   0.835845 -0.0220334   0.343333
-0.0583843  0.0120009  -0.998222    1.20452
         0          0          0          1
v_world_imu:  -0.310206  0.0800064 -0.0111419
frame_7
id: 1728
stamp: 1782127960.285834789
T_odom_lidar: 
 -0.844248   0.532954  0.0566199   -0.57081
  0.532641   0.846062 -0.0217491   0.350222
-0.0594952  0.0117964  -0.998159    1.20368
         0          0          0          1
T_world_lidar: 
 -0.844248   0.532954  0.0566199   -0.57081
  0.532641   0.846062 -0.0217491   0.350222
-0.0594952  0.0117964  -0.998159    1.20368
         0          0          0          1
v_world_imu:   -0.334333   0.0584352 -0.00829087
frame_8
id: 1729
stamp: 1782127960.385874033
T_odom_lidar: 
 -0.853502   0.517826  0.0582243  -0.603768
  0.517528   0.855402 -0.0212653   0.355827
-0.0608169  0.0119827  -0.998077    1.20293
         0          0          0          1
T_world_lidar: 
 -0.853502   0.517826  0.0582243  -0.603768
  0.517528   0.855402 -0.0212653   0.355827
-0.0608169  0.0119827  -0.998077    1.20293
         0          0          0          1
v_world_imu:   -0.323199   0.0467247 -0.00415562
frame_9
id: 1730
stamp: 1782127960.485924959
T_odom_lidar: 
 -0.865249   0.497846  0.0590966  -0.636178
   0.49755   0.867189 -0.0206834   0.361042
-0.0615451  0.0115072  -0.998038    1.20243
         0          0          0          1
T_world_lidar: 
 -0.865249   0.497846  0.0590966  -0.636178
   0.49755   0.867189 -0.0206834   0.361042
-0.0615451  0.0115072  -0.998038    1.20243
         0          0          0          1
v_world_imu:   -0.305843   0.0521995 0.000412594
frame_10
id: 1731
stamp: 1782127960.585731983
T_odom_lidar: 
 -0.880389   0.470413  0.0602235  -0.668359
  0.470101   0.882383 -0.0201388   0.365641
-0.0626137  0.0105811  -0.997982    1.20234
         0          0          0          1
T_world_lidar: 
 -0.880389   0.470413  0.0602235  -0.668359
  0.470101   0.882383 -0.0201388   0.365641
-0.0626137  0.0105811  -0.997982    1.20234
         0          0          0          1
v_world_imu:  -0.343131  0.0223888 0.00524258
frame_11
id: 1732
stamp: 1782127960.685898304
T_odom_lidar: 
 -0.893277   0.445115  0.0626719  -0.703593
  0.444907   0.895395 -0.0180091    0.36737
-0.0641322  0.0117961  -0.997872    1.20248
         0          0          0          1
T_world_lidar: 
 -0.893277   0.445115  0.0626719  -0.703593
  0.444907   0.895395 -0.0180091    0.36737
-0.0641322  0.0117961  -0.997872    1.20248
         0          0          0          1
v_world_imu:   -0.367992  0.00304902 -0.00792635
frame_12
id: 1733
stamp: 1782127960.785767794
T_odom_lidar: 
 -0.905792   0.418941  0.0634835  -0.740713
  0.418798   0.907935 -0.0161796   0.368139
-0.0644172  0.0119314  -0.997852    1.20133
         0          0          0          1
T_world_lidar: 
 -0.905792   0.418941  0.0634835  -0.740713
  0.418798   0.907935 -0.0161796   0.368139
-0.0644172  0.0119314  -0.997852    1.20133
         0          0          0          1
v_world_imu:  -0.365559 0.00224905 -0.0165259
frame_13
id: 1734
stamp: 1782127960.885874271
T_odom_lidar: 
 -0.918207   0.390853  0.0642569  -0.778974
  0.390689    0.92039 -0.0156281   0.368815
-0.0652498  0.0107546  -0.997811    1.20003
         0          0          0          1
T_world_lidar: 
 -0.918207   0.390853  0.0642569  -0.778974
  0.390689    0.92039 -0.0156281   0.368815
-0.0652498  0.0107546  -0.997811    1.20003
         0          0          0          1
v_world_imu:  -0.394798 0.00685353  -0.013245
frame_14
id: 1735
stamp: 1782127960.985878944
T_odom_lidar: 
   -0.9295   0.362849  0.0661029  -0.817351
  0.362658   0.931797 -0.0153018   0.368252
-0.0671467 0.00974965  -0.997695    1.19922
         0          0          0          1
T_world_lidar: 
   -0.9295   0.362849  0.0661029  -0.817351
  0.362658   0.931797 -0.0153018   0.368252
-0.0671467 0.00974965  -0.997695    1.19922
         0          0          0          1
v_world_imu:  -0.389613 -0.0261153 -0.0116134
frame_15
id: 1736
stamp: 1782127961.085774422
T_odom_lidar: 
 -0.938816    0.33767  0.0678476  -0.855221
  0.337534   0.941212 -0.0138114   0.365926
-0.0685227 0.00993453    -0.9976    1.19847
         0          0          0          1
T_world_lidar: 
 -0.938816    0.33767  0.0678476  -0.855221
  0.337534   0.941212 -0.0138114   0.365926
-0.0685227 0.00993453    -0.9976    1.19847
         0          0          0          1
v_world_imu:   -0.342233  -0.0183314 -0.00649852
frame_16
id: 1737
stamp: 1782127961.185838461
T_odom_lidar: 
 -0.949005   0.307963  0.0674432  -0.891891
  0.307829   0.951358 -0.0126356   0.364264
-0.0680539 0.00876971  -0.997643    1.19744
         0          0          0          1
T_world_lidar: 
 -0.949005   0.307963  0.0674432  -0.891891
  0.307829   0.951358 -0.0126356   0.364264
-0.0680539 0.00876971  -0.997643    1.19744
         0          0          0          1
v_world_imu:   -0.394738  -0.0214437 -0.00462048
frame_17
id: 1738
stamp: 1782127961.285807133
T_odom_lidar: 
 -0.957448   0.280048  0.0697604   -0.93084
  0.280007    0.95994 -0.0105717   0.359985
-0.0699264 0.00941151  -0.997508      1.197
         0          0          0          1
T_world_lidar: 
 -0.957448   0.280048  0.0697604   -0.93084
  0.280007    0.95994 -0.0105717   0.359985
-0.0699264 0.00941151  -0.997508      1.197
         0          0          0          1
v_world_imu:   -0.379563  -0.0570512 -0.00357267
frame_18
id: 1739
stamp: 1782127961.385808945
T_odom_lidar: 
 -0.965851    0.24911  0.0712456  -0.968508
  0.249019   0.968444 -0.0102993   0.355945
 -0.071563 0.00779391  -0.997406    1.19577
         0          0          0          1
T_world_lidar: 
 -0.965851    0.24911  0.0712456  -0.968508
  0.249019   0.968444 -0.0102993   0.355945
 -0.071563 0.00779391  -0.997406    1.19577
         0          0          0          1
v_world_imu:  -0.361806 -0.0492631 -0.0184049
frame_19
id: 1740
stamp: 1782127961.485748291
T_odom_lidar: 
   -0.97375    0.216223   0.0711225    -1.00436
   0.216111    0.976324 -0.00936247    0.349405
  -0.071463  0.00625363   -0.997424     1.19323
          0           0           0           1
T_world_lidar: 
   -0.97375    0.216223   0.0711225    -1.00436
   0.216111    0.976324 -0.00936247    0.349405
  -0.071463  0.00625363   -0.997424     1.19323
          0           0           0           1
v_world_imu:  -0.353154 -0.0877622 -0.0208388
frame_20
id: 1741
stamp: 1782127961.585880518
T_odom_lidar: 
  -0.980143     0.18391   0.0741468    -1.04063
   0.183957    0.982914 -0.00624361     0.33924
 -0.0740282  0.00752021   -0.997228     1.19161
          0           0           0           1
T_world_lidar: 
  -0.980143     0.18391   0.0741468    -1.04063
   0.183957    0.982914 -0.00624361     0.33924
 -0.0740282  0.00752021   -0.997228     1.19161
          0           0           0           1
v_world_imu:  -0.356564  -0.107062 -0.0146474
frame_21
id: 1742
stamp: 1782127961.685810566
T_odom_lidar: 
  -0.985463    0.152412   0.0750506    -1.07713
    0.15246    0.988296 -0.00512953    0.328412
 -0.0749541  0.00638724   -0.997167     1.19063
          0           0           0           1
T_world_lidar: 
  -0.985463    0.152412   0.0750506    -1.07713
    0.15246    0.988296 -0.00512953    0.328412
 -0.0749541  0.00638724   -0.997167     1.19063
          0           0           0           1
v_world_imu:  -0.378049   -0.11131 -0.0206453
frame_22
id: 1743
stamp: 1782127961.785729647
T_odom_lidar: 
  -0.991103    0.109794   0.0752312    -1.11509
   0.109724    0.993949 -0.00507851    0.317237
 -0.0753336  0.00322134   -0.997153     1.18887
          0           0           0           1
T_world_lidar: 
  -0.991103    0.109794   0.0752312    -1.11509
   0.109724    0.993949 -0.00507851    0.317237
 -0.0753336  0.00322134   -0.997153     1.18887
          0           0           0           1
v_world_imu:  -0.374242  -0.123053 -0.0194436
frame_23
id: 1744
stamp: 1782127961.885850906
T_odom_lidar: 
   -0.994589    0.0680966    0.0784515     -1.15271
   0.0682518     0.997668 -0.000704108     0.301311
  -0.0783165   0.00465416    -0.996918      1.18712
           0            0            0            1
T_world_lidar: 
   -0.994589    0.0680966    0.0784515     -1.15271
   0.0682518     0.997668 -0.000704108     0.301311
  -0.0783165   0.00465416    -0.996918      1.18712
           0            0            0            1
v_world_imu:  -0.376464  -0.160805 -0.0175147
frame_24
id: 1745
stamp: 1782127961.985813618
T_odom_lidar: 
  -0.996712   0.0277473     0.07613    -1.18528
  0.0278794    0.999611 0.000673236    0.286501
 -0.0760818  0.00279348   -0.997098     1.18564
          0           0           0           1
T_world_lidar: 
  -0.996712   0.0277473     0.07613    -1.18528
  0.0278794    0.999611 0.000673236    0.286501
 -0.0760818  0.00279348   -0.997098     1.18564
          0           0           0           1
v_world_imu:  -0.304291  -0.154267 -0.0139415
frame_25
id: 1746
stamp: 1782127962.085732937
T_odom_lidar: 
  -0.996643  -0.0184241    0.079771      -1.218
 -0.0182914     0.99983  0.00239414    0.270674
 -0.0798015 0.000926988    -0.99681     1.18416
          0           0           0           1
T_world_lidar: 
  -0.996643  -0.0184241    0.079771      -1.218
 -0.0182914     0.99983  0.00239414    0.270674
 -0.0798015 0.000926988    -0.99681     1.18416
          0           0           0           1
v_world_imu:  -0.310349  -0.159421 -0.0171979
frame_26
id: 1747
stamp: 1782127962.185879707
T_odom_lidar: 
  -0.994847  -0.0611493   0.0808728    -1.24753
  -0.060896    0.998128  0.00559742    0.253403
 -0.0810637 0.000643743   -0.996709     1.18263
          0           0           0           1
T_world_lidar: 
  -0.994847  -0.0611493   0.0808728    -1.24753
  -0.060896    0.998128  0.00559742    0.253403
 -0.0810637 0.000643743   -0.996709     1.18263
          0           0           0           1
v_world_imu:  -0.293851  -0.176958 -0.0147664
frame_27
id: 1748
stamp: 1782127962.285776854
T_odom_lidar: 
  -0.990769   -0.107788   0.0822063    -1.27554
   -0.10754    0.994173  0.00744894    0.237248
 -0.0825302 -0.00146032   -0.996587     1.18169
          0           0           0           1
T_world_lidar: 
  -0.990769   -0.107788   0.0822063    -1.27554
   -0.10754    0.994173  0.00744894    0.237248
 -0.0825302 -0.00146032   -0.996587     1.18169
          0           0           0           1
v_world_imu:  -0.285848  -0.158895 -0.0099623
frame_28
id: 1749
stamp: 1782127962.385904312
T_odom_lidar: 
  -0.978127   -0.190451   0.0836479    -1.30309
  -0.190431    0.981666  0.00828335    0.220888
 -0.0836918 -0.00782701   -0.996461     1.18054
          0           0           0           1
T_world_lidar: 
  -0.978127   -0.190451   0.0836479    -1.30309
  -0.190431    0.981666  0.00828335    0.220888
 -0.0836918 -0.00782701   -0.996461     1.18054
          0           0           0           1
v_world_imu:  -0.252953  -0.210102 -0.0163545
frame_29
id: 1750
stamp: 1782127962.485807180
T_odom_lidar: 
  -0.970603   -0.223553   0.0891875    -1.33195
  -0.222984    0.974684   0.0164223    0.196985
 -0.0906009 -0.00394782   -0.995879     1.17994
          0           0           0           1
T_world_lidar: 
  -0.970603   -0.223553   0.0891875    -1.33195
  -0.222984    0.974684   0.0164223    0.196985
 -0.0906009 -0.00394782   -0.995879     1.17994
          0           0           0           1
v_world_imu:  -0.224105  -0.224219 -0.0221272
frame_30
id: 1751
stamp: 1782127962.585827351
T_odom_lidar: 
  -0.967366    -0.23837   0.0859266    -1.36088
   -0.23805    0.971151      0.0141    0.176195
 -0.0868087 -0.00681495   -0.996202     1.17771
          0           0           0           1
T_world_lidar: 
  -0.967366    -0.23837   0.0859266    -1.36088
   -0.23805    0.971151      0.0141    0.176195
 -0.0868087 -0.00681495   -0.996202     1.17771
          0           0           0           1
v_world_imu:  -0.310004  -0.256746 -0.0215982
frame_31
id: 1752
stamp: 1782127962.685887337
T_odom_lidar: 
  -0.963077   -0.255437   0.0850513    -1.38981
  -0.255076      0.9668   0.0152757    0.152624
 -0.0861296 -0.00698284   -0.996259       1.176
          0           0           0           1
T_world_lidar: 
  -0.963077   -0.255437   0.0850513    -1.38981
  -0.255076      0.9668   0.0152757    0.152624
 -0.0861296 -0.00698284   -0.996259       1.176
          0           0           0           1
v_world_imu:   -0.268233   -0.245978 -0.00954225
frame_32
id: 1753
stamp: 1782127962.785835266
T_odom_lidar: 
  -0.957505   -0.275155   0.0864512    -1.42099
  -0.274755    0.961369   0.0167306    0.126812
 -0.0877149 -0.00773331   -0.996116     1.17462
          0           0           0           1
T_world_lidar: 
  -0.957505   -0.275155   0.0864512    -1.42099
  -0.274755    0.961369   0.0167306    0.126812
 -0.0877149 -0.00773331   -0.996116     1.17462
          0           0           0           1
v_world_imu:  -0.304171  -0.266127 -0.0153527
frame_33
id: 1754
stamp: 1782127962.885779381
T_odom_lidar: 
  -0.952394   -0.291891   0.0880058    -1.45231
  -0.291411    0.956418   0.0185362    0.100641
 -0.0895809 -0.00799213   -0.995947     1.17299
          0           0           0           1
T_world_lidar: 
  -0.952394   -0.291891   0.0880058    -1.45231
  -0.291411    0.956418   0.0185362    0.100641
 -0.0895809 -0.00799213   -0.995947     1.17299
          0           0           0           1
v_world_imu:  -0.31513 -0.253464  -0.02041
frame_34
id: 1755
stamp: 1782127962.985751152
T_odom_lidar: 
  -0.947182   -0.308901   0.0861801    -1.48437
  -0.308499    0.951049   0.0182849   0.0746392
 -0.0876098 -0.00926736   -0.996112     1.17116
          0           0           0           1
T_world_lidar: 
  -0.947182   -0.308901   0.0861801    -1.48437
  -0.308499    0.951049   0.0182849   0.0746392
 -0.0876098 -0.00926736   -0.996112     1.17116
          0           0           0           1
v_world_imu:  -0.328169  -0.271881 -0.0191035
frame_35
id: 1756
stamp: 1782127963.085826635
T_odom_lidar: 
  -0.942111    -0.32341   0.0885001    -1.51859
  -0.322804    0.946222   0.0214721   0.0454678
  -0.090685 -0.00833905   -0.995845     1.16937
          0           0           0           1
T_world_lidar: 
  -0.942111    -0.32341   0.0885001    -1.51859
  -0.322804    0.946222   0.0214721   0.0454678
  -0.090685 -0.00833905   -0.995845     1.16937
          0           0           0           1
v_world_imu:  -0.328564  -0.273082 -0.0196392
frame_36
id: 1757
stamp: 1782127963.185811043
T_odom_lidar: 
  -0.938364   -0.334469   0.0871951    -1.55046
  -0.333881    0.942366   0.0216773   0.0176357
 -0.0894201 -0.00877163   -0.995955     1.16714
          0           0           0           1
T_world_lidar: 
  -0.938364   -0.334469   0.0871951    -1.55046
  -0.333881    0.942366   0.0216773   0.0176357
 -0.0894201 -0.00877163   -0.995955     1.16714
          0           0           0           1
v_world_imu:  -0.334206  -0.281431 -0.0253996
frame_37
id: 1758
stamp: 1782127963.285902023
T_odom_lidar: 
 -0.934415  -0.345427  0.0868825   -1.58228
 -0.344802   0.938404   0.022586 -0.0104632
-0.0893327 -0.0088526  -0.995962    1.16471
         0          0          0          1
T_world_lidar: 
 -0.934415  -0.345427  0.0868825   -1.58228
 -0.344802   0.938404   0.022586 -0.0104632
-0.0893327 -0.0088526  -0.995962    1.16471
         0          0          0          1
v_world_imu:  -0.305087  -0.291546 -0.0152798
frame_38
id: 1759
stamp: 1782127963.385927677
T_odom_lidar: 
  -0.930976   -0.354001   0.0892626    -1.61393
  -0.353042    0.935222   0.0268452  -0.0415608
 -0.0929836 -0.00652123   -0.995646     1.16402
          0           0           0           1
T_world_lidar: 
  -0.930976   -0.354001   0.0892626    -1.61393
  -0.353042    0.935222   0.0268452  -0.0415608
 -0.0929836 -0.00652123   -0.995646     1.16402
          0           0           0           1
v_world_imu: -0.303613 -0.309736 0.0130462
frame_39
id: 1760
stamp: 1782127963.485774517
T_odom_lidar: 
  -0.934214   -0.344239    0.093509    -1.64543
   -0.34318    0.938861   0.0276923  -0.0709449
 -0.0973247 -0.00621991   -0.995233     1.16219
          0           0           0           1
T_world_lidar: 
  -0.934214   -0.344239    0.093509    -1.64543
   -0.34318    0.938861   0.0276923  -0.0709449
 -0.0973247 -0.00621991   -0.995233     1.16219
          0           0           0           1
v_world_imu:   -0.28557   -0.24681 -0.0150429
frame_40
id: 1761
stamp: 1782127963.585926771
T_odom_lidar: 
  -0.940173     -0.3297   0.0858696     -1.6751
   -0.32922    0.944039   0.0201001   -0.100266
 -0.0876913 -0.00937246   -0.996104     1.16056
          0           0           0           1
T_world_lidar: 
  -0.940173     -0.3297   0.0858696     -1.6751
   -0.32922    0.944039   0.0201001   -0.100266
 -0.0876913 -0.00937246   -0.996104     1.16056
          0           0           0           1
v_world_imu: -0.361625 -0.346134 -0.023864
frame_41
id: 1762
stamp: 1782127963.685883760
T_odom_lidar: 
  -0.943717   -0.317621   0.0922741    -1.71069
  -0.316755    0.948197   0.0242836   -0.133561
  -0.095207 -0.00631138   -0.995437     1.15911
          0           0           0           1
T_world_lidar: 
  -0.943717   -0.317621   0.0922741    -1.71069
  -0.316755    0.948197   0.0242836   -0.133561
  -0.095207 -0.00631138   -0.995437     1.15911
          0           0           0           1
v_world_imu:  -0.298348  -0.262554 -0.0090079
frame_42
id: 1763
stamp: 1782127963.785784006
T_odom_lidar: 
  -0.947605   -0.307074   0.0880328    -1.74194
  -0.306419    0.951661   0.0211994   -0.162438
 -0.0902872 -0.00688622   -0.995892     1.15773
          0           0           0           1
T_world_lidar: 
  -0.947605   -0.307074   0.0880328    -1.74194
  -0.306419    0.951661   0.0211994   -0.162438
 -0.0902872 -0.00688622   -0.995892     1.15773
          0           0           0           1
v_world_imu:  -0.365228   -0.31899 -0.0223499
frame_43
id: 1764
stamp: 1782127963.885882139
T_odom_lidar: 
  -0.950413   -0.298292   0.0879603    -1.77495
   -0.29777    0.954442   0.0193057   -0.191074
 -0.0897117 -0.00784358   -0.995937     1.15597
          0           0           0           1
T_world_lidar: 
  -0.950413   -0.298292   0.0879603    -1.77495
   -0.29777    0.954442   0.0193057   -0.191074
 -0.0897117 -0.00784358   -0.995937     1.15597
          0           0           0           1
v_world_imu:  -0.298084  -0.267735 -0.0109826
frame_44
id: 1765
stamp: 1782127963.985882998
T_odom_lidar: 
  -0.950313   -0.298257   0.0891543    -1.80611
  -0.297693    0.954455   0.0198741   -0.217361
 -0.0910214 -0.00765396    -0.99582      1.1544
          0           0           0           1
T_world_lidar: 
  -0.950313   -0.298257   0.0891543    -1.80611
  -0.297693    0.954455   0.0198741   -0.217361
 -0.0910214 -0.00765396    -0.99582      1.1544
          0           0           0           1
v_world_imu:   -0.30168  -0.267933 -0.0147918
frame_45
id: 1766
stamp: 1782127964.085746050
T_odom_lidar: 
  -0.950421   -0.298491   0.0871984    -1.83578
   -0.29803    0.954376   0.0185721   -0.241418
 -0.0887636 -0.00833642   -0.996018     1.15269
          0           0           0           1
T_world_lidar: 
  -0.950421   -0.298491   0.0871984    -1.83578
   -0.29803    0.954376   0.0185721   -0.241418
 -0.0887636 -0.00833642   -0.996018     1.15269
          0           0           0           1
v_world_imu:  -0.303924  -0.238279 -0.0189681
frame_46
id: 1767
stamp: 1782127964.185743332
T_odom_lidar: 
  -0.949884   -0.300016   0.0878151    -1.86793
  -0.299643    0.953887   0.0177159   -0.267058
 -0.0890808 -0.00948512   -0.995979     1.15078
          0           0           0           1
T_world_lidar: 
  -0.949884   -0.300016   0.0878151    -1.86793
  -0.299643    0.953887   0.0177159   -0.267058
 -0.0890808 -0.00948512   -0.995979     1.15078
          0           0           0           1
v_world_imu:  -0.320896  -0.276859 -0.0165369
frame_47
id: 1768
stamp: 1782127964.285845518
T_odom_lidar: 
 -0.949272  -0.301844  0.0881631   -1.90054
 -0.301472   0.953308  0.0178234  -0.293608
-0.0894265 -0.0096595  -0.995947    1.14903
         0          0          0          1
T_world_lidar: 
 -0.949272  -0.301844  0.0881631   -1.90054
 -0.301472   0.953308  0.0178234  -0.293608
-0.0894265 -0.0096595  -0.995947    1.14903
         0          0          0          1
v_world_imu:  -0.311761  -0.266657 -0.0150277
frame_48
id: 1769
stamp: 1782127964.385802507
T_odom_lidar: 
 -0.948346   -0.30493  0.0875005   -1.93364
 -0.304642   0.952316  0.0169643  -0.319195
-0.0885011 -0.0105682   -0.99602    1.14746
         0          0          0          1
T_world_lidar: 
 -0.948346   -0.30493  0.0875005   -1.93364
 -0.304642   0.952316  0.0169643  -0.319195
-0.0885011 -0.0105682   -0.99602    1.14746
         0          0          0          1
v_world_imu:  -0.344098  -0.259472 -0.0210879
frame_49
id: 1770
stamp: 1782127964.485789776
T_odom_lidar: 
  -0.946821   -0.309543    0.087826     -1.9667
  -0.309139    0.950837   0.0185132    -0.34542
 -0.0892388 -0.00962174   -0.995964     1.14564
          0           0           0           1
T_world_lidar: 
  -0.946821   -0.309543    0.087826     -1.9667
  -0.309139    0.950837   0.0185132    -0.34542
 -0.0892388 -0.00962174   -0.995964     1.14564
          0           0           0           1
v_world_imu: -0.352199 -0.259579 -0.019441
frame_50
id: 1771
stamp: 1782127964.585739613
T_odom_lidar: 
 -0.946298  -0.310613  0.0896591   -2.00191
 -0.310234    0.95048  0.0184906  -0.371252
-0.0909626 -0.0103177  -0.995801    1.14368
         0          0          0          1
T_world_lidar: 
 -0.946298  -0.310613  0.0896591   -2.00191
 -0.310234    0.95048  0.0184906  -0.371252
-0.0909626 -0.0103177  -0.995801    1.14368
         0          0          0          1
v_world_imu:  -0.317949  -0.249757 -0.0147937
frame_51
id: 1772
stamp: 1782127964.685774565
T_odom_lidar: 
  -0.94533  -0.313908  0.0883925   -2.03561
  -0.31359   0.949391  0.0178168    -0.3965
-0.0895119 -0.0108763  -0.995926     1.1418
         0          0          0          1
T_world_lidar: 
  -0.94533  -0.313908  0.0883925   -2.03561
  -0.31359   0.949391  0.0178168    -0.3965
-0.0895119 -0.0108763  -0.995926     1.1418
         0          0          0          1
v_world_imu:  -0.336991   -0.25582 -0.0175864
frame_52
id: 1773
stamp: 1782127964.785739899
T_odom_lidar: 
   -0.94489   -0.315862   0.0861077    -2.06644
  -0.315457    0.948757   0.0186288   -0.421533
 -0.0875794 -0.00956111   -0.996112     1.14011
          0           0           0           1
T_world_lidar: 
   -0.94489   -0.315862   0.0861077    -2.06644
  -0.315457    0.948757   0.0186288   -0.421533
 -0.0875794 -0.00956111   -0.996112     1.14011
          0           0           0           1
v_world_imu:  -0.308995  -0.280184 -0.0147547
frame_53
id: 1774
stamp: 1782127964.885758638
T_odom_lidar: 
 -0.944433  -0.315756  0.0913487   -2.09917
 -0.315113   0.948805  0.0217595  -0.446833
-0.0935427 -0.0082348  -0.995581    1.13868
         0          0          0          1
T_world_lidar: 
 -0.944433  -0.315756  0.0913487   -2.09917
 -0.315113   0.948805  0.0217595  -0.446833
-0.0935427 -0.0082348  -0.995581    1.13868
         0          0          0          1
v_world_imu:   -0.266736   -0.225603 -0.00172327
frame_54
id: 1775
stamp: 1782127964.985748291
T_odom_lidar: 
   -0.94674   -0.310995   0.0834631    -2.12599
  -0.310697    0.950359   0.0168626   -0.468861
 -0.0845642 -0.00996726   -0.996368     1.13771
          0           0           0           1
T_world_lidar: 
   -0.94674   -0.310995   0.0834631    -2.12599
  -0.310697    0.950359   0.0168626   -0.468861
 -0.0845642 -0.00996726   -0.996368     1.13771
          0           0           0           1
v_world_imu:  -0.329055  -0.236018 -0.0165892
frame_55
id: 1776
stamp: 1782127965.085767269
T_odom_lidar: 
  -0.947162   -0.308275    0.088606     -2.1593
  -0.307721    0.951262   0.0201918   -0.494827
 -0.0905122 -0.00814101   -0.995862     1.13616
          0           0           0           1
T_world_lidar: 
  -0.947162   -0.308275    0.088606     -2.1593
  -0.307721    0.951262   0.0201918   -0.494827
 -0.0905122 -0.00814101   -0.995862     1.13616
          0           0           0           1
v_world_imu:  -0.306797  -0.252861 -0.0107416
frame_56
id: 1777
stamp: 1782127965.185751438
T_odom_lidar: 
  -0.948329   -0.305044   0.0872934    -2.19101
  -0.304576    0.952299   0.0189505   -0.520268
 -0.0889102 -0.00861624   -0.996002     1.13497
          0           0           0           1
T_world_lidar: 
  -0.948329   -0.305044   0.0872934    -2.19101
  -0.304576    0.952299   0.0189505   -0.520268
 -0.0889102 -0.00861624   -0.996002     1.13497
          0           0           0           1
v_world_imu:  -0.337609  -0.248028 -0.0182148
frame_57
id: 1778
stamp: 1782127965.285921574
T_odom_lidar: 
  -0.948862   -0.303425   0.0871481    -2.22482
  -0.303028     0.95281    0.018068   -0.545814
 -0.0885178 -0.00926433   -0.996032     1.13317
          0           0           0           1
T_world_lidar: 
  -0.948862   -0.303425   0.0871481    -2.22482
  -0.303028     0.95281    0.018068   -0.545814
 -0.0885178 -0.00926433   -0.996032     1.13317
          0           0           0           1
v_world_imu:  -0.352685  -0.262508 -0.0143905
frame_58
id: 1779
stamp: 1782127965.485918760
T_odom_lidar: 
  -0.946091    -0.31151   0.0887327    -2.29353
  -0.311098    0.950192   0.0187944   -0.596922
 -0.0901677 -0.00982327   -0.995878     1.12958
          0           0           0           1
T_world_lidar: 
  -0.946091    -0.31151   0.0887327    -2.29353
  -0.311098    0.950192   0.0187944   -0.596922
 -0.0901677 -0.00982327   -0.995878     1.12958
          0           0           0           1
v_world_imu:  -0.316177  -0.240504 -0.0116053
frame_59
id: 1780
stamp: 1782127965.585819006
T_odom_lidar: 
 -0.943648  -0.319452   0.086485   -2.32705
 -0.319206   0.947532  0.0170335  -0.622412
-0.0873887 -0.0115329  -0.996108    1.12805
         0          0          0          1
T_world_lidar: 
 -0.943648  -0.319452   0.086485   -2.32705
 -0.319206   0.947532  0.0170335  -0.622412
-0.0873887 -0.0115329  -0.996108    1.12805
         0          0          0          1
v_world_imu:  -0.367272  -0.269965 -0.0211426
frame_60
id: 1781
stamp: 1782127965.785944223
T_odom_lidar: 
 -0.935401  -0.342207  0.0889888   -2.39463
 -0.341902   0.939541  0.0191304  -0.673714
-0.0901552 -0.0125309  -0.995849    1.12484
         0          0          0          1
T_world_lidar: 
 -0.935401  -0.342207  0.0889888   -2.39463
 -0.341902   0.939541  0.0191304  -0.673714
-0.0901552 -0.0125309  -0.995849    1.12484
         0          0          0          1
v_world_imu:  -0.322844  -0.236128 -0.0132517
frame_61
id: 1782
stamp: 1782127965.885754824
T_odom_lidar: 
 -0.930731  -0.354788  0.0886845   -2.42887
 -0.354557   0.934844  0.0188674  -0.699662
-0.0896001 -0.0138832  -0.995881    1.12381
         0          0          0          1
T_world_lidar: 
 -0.930731  -0.354788  0.0886845   -2.42887
 -0.354557   0.934844  0.0188674  -0.699662
-0.0896001 -0.0138832  -0.995881    1.12381
         0          0          0          1
v_world_imu:  -0.367027  -0.286036 -0.0149141
frame_62
id: 1783
stamp: 1782127965.985775709
T_odom_lidar: 
 -0.926476  -0.365949  0.0878874   -2.46285
  -0.36568   0.930532  0.0197219  -0.727292
-0.0889992 -0.0138668  -0.995935    1.12255
         0          0          0          1
T_world_lidar: 
 -0.926476  -0.365949  0.0878874   -2.46285
  -0.36568   0.930532  0.0197219  -0.727292
-0.0889992 -0.0138668  -0.995935    1.12255
         0          0          0          1
v_world_imu:  -0.34195 -0.286738 -0.014505
frame_63
id: 1784
stamp: 1782127966.085785627
T_odom_lidar: 
 -0.921146  -0.378667  0.0900114   -2.49707
 -0.378334   0.925422  0.0214034  -0.754249
-0.0914033 -0.0143386  -0.995711    1.12097
         0          0          0          1
T_world_lidar: 
 -0.921146  -0.378667  0.0900114   -2.49707
 -0.378334   0.925422  0.0214034  -0.754249
-0.0914033 -0.0143386  -0.995711    1.12097
         0          0          0          1
v_world_imu:   -0.31758  -0.217898 -0.0209647
frame_64
id: 1785
stamp: 1782127966.185802460
T_odom_lidar: 
 -0.915373  -0.392436  0.0899204   -2.52775
  -0.39218   0.919643  0.0212452  -0.777381
-0.0910321 -0.0158177  -0.995722    1.11896
         0          0          0          1
T_world_lidar: 
 -0.915373  -0.392436  0.0899204   -2.52775
  -0.39218   0.919643  0.0212452  -0.777381
-0.0910321 -0.0158177  -0.995722    1.11896
         0          0          0          1
v_world_imu:  -0.310781  -0.233317 -0.0240289
frame_65
id: 1786
stamp: 1782127966.285781384
T_odom_lidar: 
 -0.910233  -0.404302  0.0895313   -2.55583
 -0.403907   0.914503  0.0232982  -0.800533
-0.0912962 -0.0149555  -0.995711    1.11735
         0          0          0          1
T_world_lidar: 
 -0.910233  -0.404302  0.0895313   -2.55583
 -0.403907   0.914503  0.0232982  -0.800533
-0.0912962 -0.0149555  -0.995711    1.11735
         0          0          0          1
v_world_imu:  -0.264079  -0.229173 -0.0148851
frame_66
id: 1787
stamp: 1782127966.385775805
T_odom_lidar: 
   -0.9063   -0.41293    0.09005   -2.58089
 -0.412497   0.910636  0.0242345  -0.821809
-0.0920099 -0.0151817  -0.995642    1.11573
         0          0          0          1
T_world_lidar: 
   -0.9063   -0.41293    0.09005   -2.58089
 -0.412497   0.910636  0.0242345  -0.821809
-0.0920099 -0.0151817  -0.995642    1.11573
         0          0          0          1
v_world_imu:  -0.225719  -0.198386 -0.0133349
frame_67
id: 1788
stamp: 1782127966.485784292
T_odom_lidar: 
 -0.901985  -0.422175   0.090504   -2.60528
 -0.421878   0.906352  0.0233343  -0.841071
-0.0918797 -0.0171345  -0.995623     1.1144
         0          0          0          1
T_world_lidar: 
 -0.901985  -0.422175   0.090504   -2.60528
 -0.421878   0.906352  0.0233343  -0.841071
-0.0918797 -0.0171345  -0.995623     1.1144
         0          0          0          1
v_world_imu:  -0.251716    -0.1906 -0.0149934
frame_68
id: 1789
stamp: 1782127966.585747242
T_odom_lidar: 
 -0.898571   -0.42967  0.0891886   -2.62974
  -0.42934   0.902828  0.0238312  -0.862389
-0.0907615 -0.0168783   -0.99573    1.11322
         0          0          0          1
T_world_lidar: 
 -0.898571   -0.42967  0.0891886   -2.62974
  -0.42934   0.902828  0.0238312  -0.862389
-0.0907615 -0.0168783   -0.99573    1.11322
         0          0          0          1
v_world_imu:  -0.256132  -0.218139 -0.0134508
frame_69
id: 1790
stamp: 1782127966.685898781
T_odom_lidar: 
 -0.894863  -0.437374  0.0890246   -2.65446
  -0.43692   0.899137  0.0255572   -0.88517
-0.0912234 -0.0160265  -0.995701    1.11163
         0          0          0          1
T_world_lidar: 
 -0.894863  -0.437374  0.0890246   -2.65446
  -0.43692   0.899137  0.0255572   -0.88517
-0.0912234 -0.0160265  -0.995701    1.11163
         0          0          0          1
v_world_imu:  -0.198625  -0.212643 -0.0121984
frame_70
id: 1791
stamp: 1782127966.785890818
T_odom_lidar: 
  -0.89098  -0.445356  0.0883917   -2.67748
 -0.444836   0.895217  0.0265889  -0.906633
-0.0909713 -0.0156296  -0.995731     1.1098
         0          0          0          1
T_world_lidar: 
  -0.89098  -0.445356  0.0883917   -2.67748
 -0.444836   0.895217  0.0265889  -0.906633
-0.0909713 -0.0156296  -0.995731     1.1098
         0          0          0          1
v_world_imu:  -0.236486  -0.195645 -0.0151248
frame_71
id: 1792
stamp: 1782127966.885791302
T_odom_lidar: 
 -0.885936  -0.455239  0.0887406   -2.70079
 -0.455031   0.890159  0.0237469  -0.923497
-0.0898038 -0.0193414  -0.995772    1.10854
         0          0          0          1
T_world_lidar: 
 -0.885936  -0.455239  0.0887406   -2.70079
 -0.455031   0.890159  0.0237469  -0.923497
-0.0898038 -0.0193414  -0.995772    1.10854
         0          0          0          1
v_world_imu: -0.235874 -0.153869 -0.012713
frame_72
id: 1793
stamp: 1782127966.985800028
T_odom_lidar: 
 -0.880961  -0.464632  0.0895816   -2.72227
 -0.464342   0.885294  0.0253262   -0.94103
-0.0910734 -0.0192851  -0.995657    1.10756
         0          0          0          1
T_world_lidar: 
 -0.880961  -0.464632  0.0895816   -2.72227
 -0.464342   0.885294  0.0253262   -0.94103
-0.0910734 -0.0192851  -0.995657    1.10756
         0          0          0          1
v_world_imu:   -0.207364   -0.163398 -0.00818807
frame_73
id: 1794
stamp: 1782127967.085763693
T_odom_lidar: 
  -0.87621  -0.473723  0.0885655   -2.73981
 -0.473414   0.880462  0.0257948  -0.956154
-0.0901981 -0.0193265  -0.995736    1.10715
         0          0          0          1
T_world_lidar: 
  -0.87621  -0.473723  0.0885655   -2.73981
 -0.473414   0.880462  0.0257948  -0.956154
-0.0901981 -0.0193265  -0.995736    1.10715
         0          0          0          1
v_world_imu:   -0.147689   -0.140929 -0.00532047
frame_74
id: 1795
stamp: 1782127967.185782909
T_odom_lidar: 
 -0.872217   -0.48084  0.0896156   -2.75394
 -0.480446   0.876598  0.0273419  -0.969187
 -0.091704 -0.0192074  -0.995601    1.10636
         0          0          0          1
T_world_lidar: 
 -0.872217   -0.48084  0.0896156   -2.75394
 -0.480446   0.876598  0.0273419  -0.969187
 -0.091704 -0.0192074  -0.995601    1.10636
         0          0          0          1
v_world_imu:  -0.119906   -0.11015 -0.0077327
frame_75
id: 1796
stamp: 1782127967.285837173
T_odom_lidar: 
 -0.868986   -0.48704  0.0874951   -2.76437
 -0.486782   0.873145  0.0257118  -0.978353
-0.0889186 -0.0202478  -0.995833    1.10574
         0          0          0          1
T_world_lidar: 
 -0.868986   -0.48704  0.0874951   -2.76437
 -0.486782   0.873145  0.0257118  -0.978353
-0.0889186 -0.0202478  -0.995833    1.10574
         0          0          0          1
v_world_imu:  -0.0942006   -0.070484 -0.00381871
frame_76
id: 1797
stamp: 1782127967.385799885
T_odom_lidar: 
 -0.866715   -0.49097   0.088056   -2.77258
 -0.490674   0.870941  0.0264733  -0.985673
-0.0896892  -0.020262  -0.995764     1.1053
         0          0          0          1
T_world_lidar: 
 -0.866715   -0.49097   0.088056   -2.77258
 -0.490674   0.870941  0.0264733  -0.985673
-0.0896892  -0.020262  -0.995764     1.1053
         0          0          0          1
v_world_imu: -0.0577599  -0.059887 -0.0025017
frame_77
id: 1798
stamp: 1782127967.485770464
T_odom_lidar: 
 -0.864994  -0.494011  0.0879699   -2.77745
 -0.493669   0.869227   0.027126  -0.990437
-0.0898663 -0.0199642  -0.995754    1.10485
         0          0          0          1
T_world_lidar: 
 -0.864994  -0.494011  0.0879699   -2.77745
 -0.493669   0.869227   0.027126  -0.990437
-0.0898663 -0.0199642  -0.995754    1.10485
         0          0          0          1
v_world_imu:  -0.0474872  -0.0433496 -0.00380246
frame_78
id: 1799
stamp: 1782127967.585912943
T_odom_lidar: 
 -0.863995  -0.495631  0.0886755   -2.78058
  -0.49539   0.868274  0.0262702  -0.993268
-0.0900149 -0.0212316  -0.995714    1.10464
         0          0          0          1
T_world_lidar: 
 -0.863995  -0.495631  0.0886755   -2.78058
  -0.49539   0.868274  0.0262702  -0.993268
-0.0900149 -0.0212316  -0.995714    1.10464
         0          0          0          1
v_world_imu:   -0.0169079   -0.0164162 -0.000893275
frame_79
id: 1800
stamp: 1782127967.685930014
T_odom_lidar: 
  -0.86342  -0.496485  0.0894972   -2.78278
 -0.496237    0.86778  0.0265759  -0.994722
-0.0908584 -0.0214657  -0.995632    1.10448
         0          0          0          1
T_world_lidar: 
  -0.86342  -0.496485  0.0894972   -2.78278
 -0.496237    0.86778  0.0265759  -0.994722
-0.0908584 -0.0214657  -0.995632    1.10448
         0          0          0          1
