id: 1
T_world_origin: 
 -0.546978   -0.83488  0.0615722   0.451761
 -0.833695   0.549919  0.0504126   -3.17394
-0.0759483 -0.0237579  -0.996829    1.17957
         0          0          0          1
T_origin_endpoint_L: 
 -0.494148   0.866694  0.0682512    3.69295
 -0.861864  -0.498665  0.0923236    1.62309
  0.114051 -0.0132017   0.993387 -0.0933681
         0          0          0          1
T_origin_endpoint_R: 
 -0.682331   0.729328  0.0500479    2.59117
 -0.725742  -0.684024  0.0735462    -1.1825
 0.0878733   0.013861   0.996035 -0.0263733
         0          0          0          1
T_lidar_imu: 
     1      0      0  0.006
     0      1      0 -0.012
     0      0      1  0.008
     0      0      0      1
imu_bias:  0.000252003   0.00033061   -0.0011954  -0.00400765 -0.000863119   0.00207339
frame_id: 2
num_frames: 262
frame_0
id: 633
stamp: 1782119960.990819454
T_odom_lidar: 
  0.996925 -0.0597049 -0.0507433   -2.92822
-0.0581854  -0.997827   0.030914   -5.37809
-0.0524787 -0.0278664  -0.998233   0.964162
         0          0          0          1
T_world_lidar: 
  0.996925 -0.0597049 -0.0507433   -2.92822
-0.0581854  -0.997827   0.030914   -5.37809
-0.0524787 -0.0278664  -0.998233   0.964162
         0          0          0          1
v_world_imu:   0.717354 -0.0113799  0.0115153
frame_1
id: 634
stamp: 1782119961.090818405
T_odom_lidar: 
  0.997239 -0.0555728 -0.0492505   -2.86049
 -0.054012  -0.998012  0.0324762   -5.38181
-0.0509574 -0.0297264  -0.998258   0.966575
         0          0          0          1
T_world_lidar: 
  0.997239 -0.0555728 -0.0492505   -2.86049
 -0.054012  -0.998012  0.0324762   -5.38181
-0.0509574 -0.0297264  -0.998258   0.966575
         0          0          0          1
v_world_imu:    0.62763 -0.0343723  0.0392662
frame_2
id: 635
stamp: 1782119961.190898180
T_odom_lidar: 
  0.997589 -0.0515542 -0.0464665   -2.79431
-0.0500123  -0.998178  0.0337563   -5.38491
-0.0481221  -0.031351  -0.998349   0.969478
         0          0          0          1
T_world_lidar: 
  0.997589 -0.0515542 -0.0464665   -2.79431
-0.0500123  -0.998178  0.0337563   -5.38491
-0.0481221  -0.031351  -0.998349   0.969478
         0          0          0          1
v_world_imu:   0.666378 -0.0003667  0.0269644
frame_3
id: 636
stamp: 1782119961.290658236
T_odom_lidar: 
  0.997545 -0.0513506  -0.047607   -2.72759
-0.0497193  -0.998155  0.0348404   -5.38619
-0.0493083 -0.0323879  -0.998258    0.97244
         0          0          0          1
T_world_lidar: 
  0.997545 -0.0513506  -0.047607   -2.72759
-0.0497193  -0.998155  0.0348404   -5.38619
-0.0493083 -0.0323879  -0.998258    0.97244
         0          0          0          1
v_world_imu:   0.666639 -0.0159209  0.0271363
frame_4
id: 637
stamp: 1782119961.389930964
T_odom_lidar: 
  0.997508 -0.0543353 -0.0450111   -2.66208
 -0.052741  -0.997963  0.0358838   -5.38641
-0.0468692 -0.0334205  -0.998342   0.975197
         0          0          0          1
T_world_lidar: 
  0.997508 -0.0543353 -0.0450111   -2.66208
 -0.052741  -0.997963  0.0358838   -5.38641
-0.0468692 -0.0334205  -0.998342   0.975197
         0          0          0          1
v_world_imu:   0.677092 -0.0144888   0.047215
frame_5
id: 638
stamp: 1782119961.490720272
T_odom_lidar: 
  0.996715  -0.068544 -0.0431364   -2.59317
-0.0669509  -0.997057  0.0373534   -5.38579
-0.0455698 -0.0343427  -0.998371   0.978111
         0          0          0          1
T_world_lidar: 
  0.996715  -0.068544 -0.0431364   -2.59317
-0.0669509  -0.997057  0.0373534   -5.38579
-0.0455698 -0.0343427  -0.998371   0.978111
         0          0          0          1
v_world_imu:  0.691741 0.0409281 0.0409675
frame_6
id: 639
stamp: 1782119961.590762138
T_odom_lidar: 
  0.995679 -0.0819843 -0.0436113   -2.52074
-0.0803501  -0.996042  0.0379914   -5.38501
-0.0465535 -0.0343231  -0.998326    0.98144
         0          0          0          1
T_world_lidar: 
  0.995679 -0.0819843 -0.0436113   -2.52074
-0.0803501  -0.996042  0.0379914   -5.38501
-0.0465535 -0.0343231  -0.998326    0.98144
         0          0          0          1
v_world_imu:  0.755595 0.0113911 0.0199905
frame_7
id: 640
stamp: 1782119961.690818071
T_odom_lidar: 
   0.99426 -0.0979128 -0.0431405   -2.44446
-0.0962694  -0.994604  0.0386584     -5.384
-0.0466929 -0.0342834  -0.998321   0.985195
         0          0          0          1
T_world_lidar: 
   0.99426 -0.0979128 -0.0431405   -2.44446
-0.0962694  -0.994604  0.0386584     -5.384
-0.0466929 -0.0342834  -0.998321   0.985195
         0          0          0          1
v_world_imu:  0.783059 0.0287037 0.0293612
frame_8
id: 641
stamp: 1782119961.790715694
T_odom_lidar: 
  0.992631  -0.113928 -0.0412894   -2.36889
 -0.112329  -0.992898  0.0391934   -5.38356
-0.0454614 -0.0342666  -0.998378   0.988307
         0          0          0          1
T_world_lidar: 
  0.992631  -0.113928 -0.0412894   -2.36889
 -0.112329  -0.992898  0.0391934   -5.38356
-0.0454614 -0.0342666  -0.998378   0.988307
         0          0          0          1
v_world_imu:  0.734458 -0.045601 0.0237114
frame_9
id: 642
stamp: 1782119961.890709639
T_odom_lidar: 
  0.991401  -0.124447 -0.0404533   -2.29337
 -0.122863  -0.991636   0.039532   -5.38368
-0.0450346 -0.0342218  -0.998399   0.991175
         0          0          0          1
T_world_lidar: 
  0.991401  -0.124447 -0.0404533   -2.29337
 -0.122863  -0.991636   0.039532   -5.38368
-0.0450346 -0.0342218  -0.998399   0.991175
         0          0          0          1
v_world_imu:   0.791888 -0.0116815  0.0304163
frame_10
id: 643
stamp: 1782119961.990897179
T_odom_lidar: 
  0.989994  -0.135784 -0.0383957   -2.22168
  -0.13413  -0.990039   0.042798   -5.38701
-0.0438245 -0.0372198  -0.998346   0.993972
         0          0          0          1
T_world_lidar: 
  0.989994  -0.135784 -0.0383957   -2.22168
  -0.13413  -0.990039   0.042798   -5.38701
-0.0438245 -0.0372198  -0.998346   0.993972
         0          0          0          1
v_world_imu:   0.663306 -0.0100296  0.0300018
frame_11
id: 644
stamp: 1782119962.090701580
T_odom_lidar: 
  0.988797  -0.142618 -0.0440464   -2.14992
  -0.14081  -0.989157  0.0417337   -5.38837
-0.0495208  -0.035064  -0.998157   0.996109
         0          0          0          1
T_world_lidar: 
  0.988797  -0.142618 -0.0440464   -2.14992
  -0.14081  -0.989157  0.0417337   -5.38837
-0.0495208  -0.035064  -0.998157   0.996109
         0          0          0          1
v_world_imu:   0.737364 -0.0467065  0.0173433
frame_12
id: 645
stamp: 1782119962.190697908
T_odom_lidar: 
  0.988317  -0.146801 -0.0409658   -2.08198
  -0.14491  -0.988382  0.0458554   -5.39422
-0.0472214 -0.0393833  -0.998108   0.998547
         0          0          0          1
T_world_lidar: 
  0.988317  -0.146801 -0.0409658   -2.08198
  -0.14491  -0.988382  0.0458554   -5.39422
-0.0472214 -0.0393833  -0.998108   0.998547
         0          0          0          1
v_world_imu:   0.667915 -0.0297426  0.0189818
frame_13
id: 646
stamp: 1782119962.290947437
T_odom_lidar: 
  0.987688  -0.150389  -0.043087   -2.01283
 -0.148475  -0.987908  0.0446311   -5.39802
-0.0492781 -0.0376842  -0.998074    1.00061
         0          0          0          1
T_world_lidar: 
  0.987688  -0.150389  -0.043087   -2.01283
 -0.148475  -0.987908  0.0446311   -5.39802
-0.0492781 -0.0376842  -0.998074    1.00061
         0          0          0          1
v_world_imu:   0.705944 -0.0549206  0.0177616
frame_14
id: 647
stamp: 1782119962.390875101
T_odom_lidar: 
  0.987202  -0.153666  -0.042649   -1.94382
 -0.151751  -0.987394   0.045006   -5.40354
-0.0490272  -0.037958  -0.998076    1.00251
         0          0          0          1
T_world_lidar: 
  0.987202  -0.153666  -0.042649   -1.94382
 -0.151751  -0.987394   0.045006   -5.40354
-0.0490272  -0.037958  -0.998076    1.00251
         0          0          0          1
v_world_imu:   0.708312 -0.0334058 0.00900089
frame_15
id: 648
stamp: 1782119962.490887165
T_odom_lidar: 
  0.987279   -0.15333 -0.0420792   -1.87501
  -0.15143  -0.987436  0.0451524   -5.40935
-0.0484737 -0.0382059  -0.998093    1.00407
         0          0          0          1
T_world_lidar: 
  0.987279   -0.15333 -0.0420792   -1.87501
  -0.15143  -0.987436  0.0451524   -5.40935
-0.0484737 -0.0382059  -0.998093    1.00407
         0          0          0          1
v_world_imu:   0.637198 -0.0961235  0.0164825
frame_16
id: 649
stamp: 1782119962.590816975
T_odom_lidar: 
  0.987365  -0.152205 -0.0440965   -1.80843
 -0.150271  -0.987652  0.0442902   -5.41537
-0.0502932 -0.0371042  -0.998045    1.00584
         0          0          0          1
T_world_lidar: 
  0.987365  -0.152205 -0.0440965   -1.80843
 -0.150271  -0.987652  0.0442902   -5.41537
-0.0502932 -0.0371042  -0.998045    1.00584
         0          0          0          1
v_world_imu:   0.709419 -0.0441176  0.0226194
frame_17
id: 650
stamp: 1782119962.690791130
T_odom_lidar: 
  0.988081  -0.148598 -0.0401863   -1.74679
 -0.146773  -0.988142  0.0450935    -5.4223
-0.0464105 -0.0386578  -0.998174    1.00766
         0          0          0          1
T_world_lidar: 
  0.988081  -0.148598 -0.0401863   -1.74679
 -0.146773  -0.988142  0.0450935    -5.4223
-0.0464105 -0.0386578  -0.998174    1.00766
         0          0          0          1
v_world_imu:   0.576311 -0.0923255  0.0183392
frame_18
id: 651
stamp: 1782119962.790958643
T_odom_lidar: 
  0.988123  -0.146439 -0.0465715   -1.68063
 -0.144386  -0.988508  0.0447659    -5.4282
-0.0525918 -0.0375099  -0.997911    1.00928
         0          0          0          1
T_world_lidar: 
  0.988123  -0.146439 -0.0465715   -1.68063
 -0.144386  -0.988508  0.0447659    -5.4282
-0.0525918 -0.0375099  -0.997911    1.00928
         0          0          0          1
v_world_imu:   0.695509 -0.0612547  0.0172204
frame_19
id: 652
stamp: 1782119962.890911818
T_odom_lidar: 
  0.988192  -0.147492 -0.0414963   -1.61579
 -0.145588   -0.98829   0.045692    -5.4348
-0.0477496 -0.0391111  -0.998093    1.01128
         0          0          0          1
T_world_lidar: 
  0.988192  -0.147492 -0.0414963   -1.61579
 -0.145588   -0.98829   0.045692    -5.4348
-0.0477496 -0.0391111  -0.998093    1.01128
         0          0          0          1
v_world_imu:   0.660807 -0.0771939  0.0124048
frame_20
id: 653
stamp: 1782119962.990737438
T_odom_lidar: 
  0.987812  -0.149431 -0.0435602   -1.54421
 -0.147645  -0.988161  0.0416992   -5.44082
-0.0492756 -0.0347595   -0.99818    1.01307
         0          0          0          1
T_world_lidar: 
  0.987812  -0.149431 -0.0435602   -1.54421
 -0.147645  -0.988161  0.0416992   -5.44082
-0.0492756 -0.0347595   -0.99818    1.01307
         0          0          0          1
v_world_imu:   0.74994 -0.166301 0.0126675
frame_21
id: 654
stamp: 1782119963.090732336
T_odom_lidar: 
  0.988242   -0.14808 -0.0380724   -1.47406
 -0.146334  -0.988204  0.0451606   -5.45247
-0.0443106 -0.0390583  -0.998254    1.01524
         0          0          0          1
T_world_lidar: 
  0.988242   -0.14808 -0.0380724   -1.47406
 -0.146334  -0.988204  0.0451606   -5.45247
-0.0443106 -0.0390583  -0.998254    1.01524
         0          0          0          1
v_world_imu:  0.711039 -0.110958 0.0274238
frame_22
id: 655
stamp: 1782119963.190890312
T_odom_lidar: 
  0.988411  -0.145906 -0.0418905   -1.40158
 -0.144058  -0.988581  0.0442119   -5.46408
 -0.047863 -0.0376649  -0.998144    1.01719
         0          0          0          1
T_world_lidar: 
  0.988411  -0.145906 -0.0418905   -1.40158
 -0.144058  -0.988581  0.0442119   -5.46408
 -0.047863 -0.0376649  -0.998144    1.01719
         0          0          0          1
v_world_imu:  0.732346 -0.148467 0.0158243
frame_23
id: 656
stamp: 1782119963.290780783
T_odom_lidar: 
  0.989377  -0.139922 -0.0394256   -1.33221
 -0.138128  -0.989389  0.0450512   -5.47884
-0.0453109 -0.0391269  -0.998206     1.0191
         0          0          0          1
T_world_lidar: 
  0.989377  -0.139922 -0.0394256   -1.33221
 -0.138128  -0.989389  0.0450512   -5.47884
-0.0453109 -0.0391269  -0.998206     1.0191
         0          0          0          1
v_world_imu:  0.658574 -0.126751 0.0222386
frame_24
id: 657
stamp: 1782119963.390722513
T_odom_lidar: 
  0.991839    -0.1221  -0.036693   -1.26764
  -0.12041  -0.991694    0.04521    -5.4941
-0.0419083 -0.0404228  -0.998303    1.02049
         0          0          0          1
T_world_lidar: 
  0.991839    -0.1221  -0.036693   -1.26764
  -0.12041  -0.991694    0.04521    -5.4941
-0.0419083 -0.0404228  -0.998303    1.02049
         0          0          0          1
v_world_imu:  0.648762 -0.148709 0.0201102
frame_25
id: 658
stamp: 1782119963.490844727
T_odom_lidar: 
  0.993907  -0.102012 -0.0417444   -1.20192
 -0.100214  -0.994031  0.0431117   -5.50759
-0.0458931 -0.0386656  -0.998198    1.02238
         0          0          0          1
T_world_lidar: 
  0.993907  -0.102012 -0.0417444   -1.20192
 -0.100214  -0.994031  0.0431117   -5.50759
-0.0458931 -0.0386656  -0.998198    1.02238
         0          0          0          1
v_world_imu:   0.634879  -0.115642 0.00822165
frame_26
id: 659
stamp: 1782119963.591129541
T_odom_lidar: 
  0.995817 -0.0832949 -0.0375476   -1.14023
-0.0816785  -0.995743  0.0427061   -5.52339
-0.0409449 -0.0394606  -0.998382      1.024
         0          0          0          1
T_world_lidar: 
  0.995817 -0.0832949 -0.0375476   -1.14023
-0.0816785  -0.995743  0.0427061   -5.52339
-0.0409449 -0.0394606  -0.998382      1.024
         0          0          0          1
v_world_imu:  0.623779 -0.176674  0.021807
frame_27
id: 660
stamp: 1782119963.690663815
T_odom_lidar: 
  0.996965 -0.0640269  -0.044289   -1.07409
-0.0620855  -0.997105  0.0439025   -5.54026
-0.0469717 -0.0410195  -0.998054    1.02668
         0          0          0          1
T_world_lidar: 
  0.996965 -0.0640269  -0.044289   -1.07409
-0.0620855  -0.997105  0.0439025   -5.54026
-0.0469717 -0.0410195  -0.998054    1.02668
         0          0          0          1
v_world_imu:  0.641362 -0.156499 0.0236467
frame_28
id: 661
stamp: 1782119963.790839672
T_odom_lidar: 
  0.998282 -0.0416147 -0.0412497   -1.01052
-0.0398019  -0.998246  0.0438339   -5.55646
-0.0430014 -0.0421168  -0.998187    1.02806
         0          0          0          1
T_world_lidar: 
  0.998282 -0.0416147 -0.0412497   -1.01052
-0.0398019  -0.998246  0.0438339   -5.55646
-0.0430014 -0.0421168  -0.998187    1.02806
         0          0          0          1
v_world_imu:  0.659364 -0.154841  0.025899
frame_29
id: 662
stamp: 1782119963.890795708
T_odom_lidar: 
  0.998906 -0.0216655 -0.0414514  -0.947283
-0.0199256  -0.998922  0.0419371   -5.57119
-0.0423152 -0.0410653   -0.99826    1.03002
         0          0          0          1
T_world_lidar: 
  0.998906 -0.0216655 -0.0414514  -0.947283
-0.0199256  -0.998922  0.0419371   -5.57119
-0.0423152 -0.0410653   -0.99826    1.03002
         0          0          0          1
v_world_imu:  0.608678 -0.147316  0.022844
frame_30
id: 663
stamp: 1782119963.990706444
T_odom_lidar: 
   0.999023 7.30457e-07  -0.0441881   -0.886181
 0.00181691   -0.999155   0.0410609    -5.58617
 -0.0441508   -0.041101   -0.998179     1.03267
          0           0           0           1
T_world_lidar: 
   0.999023 7.30457e-07  -0.0441881   -0.886181
 0.00181691   -0.999155   0.0410609    -5.58617
 -0.0441508   -0.041101   -0.998179     1.03267
          0           0           0           1
v_world_imu:  0.577873 -0.130131  0.034446
frame_31
id: 664
stamp: 1782119964.090821266
T_odom_lidar: 
  0.998629  0.0279246   -0.04428  -0.827931
 0.0297031  -0.998757  0.0400275   -5.60186
-0.0431072 -0.0412879  -0.998217    1.03449
         0          0          0          1
T_world_lidar: 
  0.998629  0.0279246   -0.04428  -0.827931
 0.0297031  -0.998757  0.0400275   -5.60186
-0.0431072 -0.0412879  -0.998217    1.03449
         0          0          0          1
v_world_imu:  0.570174 -0.134908  0.019941
frame_32
id: 665
stamp: 1782119964.190883160
T_odom_lidar: 
  0.997582  0.0541598 -0.0435418  -0.772077
  0.055803  -0.997739  0.0374531   -5.61436
 -0.041415 -0.0397923  -0.998349    1.03649
         0          0          0          1
T_world_lidar: 
  0.997582  0.0541598 -0.0435418  -0.772077
  0.055803  -0.997739  0.0374531   -5.61436
 -0.041415 -0.0397923  -0.998349    1.03649
         0          0          0          1
v_world_imu:   0.563133 -0.0980466  0.0217606
frame_33
id: 666
stamp: 1782119964.290740013
T_odom_lidar: 
  0.995911   0.077304 -0.0467383  -0.715836
 0.0790599  -0.996184   0.036963   -5.62798
-0.0437026  -0.040507  -0.998223    1.03856
         0          0          0          1
T_world_lidar: 
  0.995911   0.077304 -0.0467383  -0.715836
 0.0790599  -0.996184   0.036963   -5.62798
-0.0437026  -0.040507  -0.998223    1.03856
         0          0          0          1
v_world_imu:  0.542245 -0.142862 0.0228813
frame_34
id: 667
stamp: 1782119964.391201973
T_odom_lidar: 
  0.993879   0.101222 -0.0442608  -0.661782
  0.102757  -0.994129  0.0338979   -5.63789
-0.0405697 -0.0382385  -0.998445    1.04137
         0          0          0          1
T_world_lidar: 
  0.993879   0.101222 -0.0442608  -0.661782
  0.102757  -0.994129  0.0338979   -5.63789
-0.0405697 -0.0382385  -0.998445    1.04137
         0          0          0          1
v_world_imu:       0.55 -0.0560437  0.0181664
frame_35
id: 668
stamp: 1782119964.490868568
T_odom_lidar: 
  0.990834   0.127378 -0.0449767  -0.608826
  0.128922  -0.991096   0.033295   -5.64474
-0.0403352 -0.0387883  -0.998433    1.04349
         0          0          0          1
T_world_lidar: 
  0.990834   0.127378 -0.0449767  -0.608826
  0.128922  -0.991096   0.033295   -5.64474
-0.0403352 -0.0387883  -0.998433    1.04349
         0          0          0          1
v_world_imu:   0.513622 -0.0410644  0.0297357
frame_36
id: 669
stamp: 1782119964.590677500
T_odom_lidar: 
  0.986018   0.160265 -0.0456439  -0.559083
  0.161617  -0.986467  0.0276346   -5.64281
-0.0405973 -0.0346251  -0.998575    1.04595
         0          0          0          1
T_world_lidar: 
  0.986018   0.160265 -0.0456439  -0.559083
  0.161617  -0.986467  0.0276346   -5.64281
-0.0405973 -0.0346251  -0.998575    1.04595
         0          0          0          1
v_world_imu:  0.490353 0.0462288  0.028975
frame_37
id: 670
stamp: 1782119964.690853834
T_odom_lidar: 
  0.980605   0.189394 -0.0504273  -0.508744
  0.190821  -0.981303  0.0251207    -5.6368
-0.0447268 -0.0342561  -0.998412    1.04817
         0          0          0          1
T_world_lidar: 
  0.980605   0.189394 -0.0504273  -0.508744
  0.190821  -0.981303  0.0251207    -5.6368
-0.0447268 -0.0342561  -0.998412    1.04817
         0          0          0          1
v_world_imu:  0.449809  0.102942 0.0281481
frame_38
id: 671
stamp: 1782119964.790798426
T_odom_lidar: 
  0.974872   0.218238 -0.0446797  -0.464073
  0.219497  -0.975281  0.0254643   -5.62618
 -0.038018 -0.0346315  -0.998677    1.05085
         0          0          0          1
T_world_lidar: 
  0.974872   0.218238 -0.0446797  -0.464073
  0.219497  -0.975281  0.0254643   -5.62618
 -0.038018 -0.0346315  -0.998677    1.05085
         0          0          0          1
v_world_imu:  0.474336  0.162544 0.0289693
frame_39
id: 672
stamp: 1782119964.890910387
T_odom_lidar: 
  0.967443   0.247733 -0.0518015  -0.417489
  0.248983  -0.968318  0.0191597   -5.60711
-0.0454139 -0.0314336  -0.998474    1.05297
         0          0          0          1
T_world_lidar: 
  0.967443   0.247733 -0.0518015  -0.417489
  0.248983  -0.968318  0.0191597   -5.60711
-0.0454139 -0.0314336  -0.998474    1.05297
         0          0          0          1
v_world_imu: 0.409052  0.17464 0.025429
frame_40
id: 673
stamp: 1782119964.990812540
T_odom_lidar: 
  0.962496   0.266963 -0.0482904  -0.376582
  0.268151   -0.96317  0.0199514   -5.58678
-0.0411856 -0.0321522  -0.998634    1.05556
         0          0          0          1
T_world_lidar: 
  0.962496   0.266963 -0.0482904  -0.376582
  0.268151   -0.96317  0.0199514   -5.58678
-0.0411856 -0.0321522  -0.998634    1.05556
         0          0          0          1
v_world_imu:  0.436253  0.254712 0.0203745
frame_41
id: 674
stamp: 1782119965.090754271
T_odom_lidar: 
  0.957176   0.284633 -0.0528874  -0.331647
  0.285791  -0.958165    0.01563   -5.55973
 -0.046226 -0.0300754  -0.998478    1.05812
         0          0          0          1
T_world_lidar: 
  0.957176   0.284633 -0.0528874  -0.331647
  0.285791  -0.958165    0.01563   -5.55973
 -0.046226 -0.0300754  -0.998478    1.05812
         0          0          0          1
v_world_imu:  0.442029  0.261845 0.0229094
frame_42
id: 675
stamp: 1782119965.190684080
T_odom_lidar: 
  0.956039   0.289064 -0.0493118  -0.289491
  0.290259  -0.956761  0.0189372   -5.53328
-0.0417055 -0.0324179  -0.998604    1.06034
         0          0          0          1
T_world_lidar: 
  0.956039   0.289064 -0.0493118  -0.289491
  0.290259  -0.956761  0.0189372   -5.53328
-0.0417055 -0.0324179  -0.998604    1.06034
         0          0          0          1
v_world_imu:   0.41825   0.27997 0.0238131
frame_43
id: 676
stamp: 1782119965.290948868
T_odom_lidar: 
  0.954607   0.293754 -0.0493321  -0.247656
  0.294889  -0.955373  0.0174061   -5.50424
-0.0420174 -0.0311635  -0.998631    1.06295
         0          0          0          1
T_world_lidar: 
  0.954607   0.293754 -0.0493321  -0.247656
  0.294889  -0.955373  0.0174061   -5.50424
-0.0420174 -0.0311635  -0.998631    1.06295
         0          0          0          1
v_world_imu:  0.394678  0.279267 0.0275261
frame_44
id: 677
stamp: 1782119965.390812635
T_odom_lidar: 
  0.950749   0.305498 -0.0524169  -0.207214
  0.306717  -0.951651  0.0168641   -5.47716
-0.0447307 -0.0321107  -0.998483    1.06502
         0          0          0          1
T_world_lidar: 
  0.950749   0.305498 -0.0524169  -0.207214
  0.306717  -0.951651  0.0168641   -5.47716
-0.0447307 -0.0321107  -0.998483    1.06502
         0          0          0          1
v_world_imu:  0.409554  0.303376 0.0250977
frame_45
id: 678
stamp: 1782119965.490680456
T_odom_lidar: 
  0.946695   0.318269 -0.0497417  -0.166587
  0.319453  -0.947435  0.0177925   -5.44673
-0.0414642 -0.0327342  -0.998604    1.06749
         0          0          0          1
T_world_lidar: 
  0.946695   0.318269 -0.0497417  -0.166587
  0.319453  -0.947435  0.0177925   -5.44673
-0.0414642 -0.0327342  -0.998604    1.06749
         0          0          0          1
v_world_imu:  0.397733  0.341583 0.0358709
frame_46
id: 679
stamp: 1782119965.590767384
T_odom_lidar: 
  0.941065   0.334036 -0.0530756  -0.122753
   0.33512  -0.942089   0.012774   -5.40948
-0.0457349 -0.0298079  -0.998509    1.07021
         0          0          0          1
T_world_lidar: 
  0.941065   0.334036 -0.0530756  -0.122753
   0.33512  -0.942089   0.012774   -5.40948
-0.0457349 -0.0298079  -0.998509    1.07021
         0          0          0          1
v_world_imu:  0.464957  0.356999 0.0195776
frame_47
id: 680
stamp: 1782119965.690758228
T_odom_lidar: 
  0.935446   0.350028  -0.049199 -0.0806433
  0.351163   -0.93617  0.0164477   -5.37172
-0.0403014 -0.0326628  -0.998654    1.07255
         0          0          0          1
T_world_lidar: 
  0.935446   0.350028  -0.049199 -0.0806433
  0.351163   -0.93617  0.0164477   -5.37172
-0.0403014 -0.0326628  -0.998654    1.07255
         0          0          0          1
v_world_imu:  0.414359    0.4035 0.0309568
frame_48
id: 681
stamp: 1782119965.790747643
T_odom_lidar: 
  0.927823   0.369765 -0.0491671 -0.0385107
  0.370806  -0.928609  0.0137417   -5.32861
-0.0405758 -0.0309813  -0.998696    1.07541
         0          0          0          1
T_world_lidar: 
  0.927823   0.369765 -0.0491671 -0.0385107
  0.370806  -0.928609  0.0137417   -5.32861
-0.0405758 -0.0309813  -0.998696    1.07541
         0          0          0          1
v_world_imu:  0.424554  0.437024 0.0225888
frame_49
id: 682
stamp: 1782119965.890793562
T_odom_lidar: 
  0.915623   0.398918 -0.0499815 0.00123146
  0.399976  -0.916435  0.0129094   -5.28405
 -0.040655 -0.0318116  -0.998667    1.07777
         0          0          0          1
T_world_lidar: 
  0.915623   0.398918 -0.0499815 0.00123146
  0.399976  -0.916435  0.0129094   -5.28405
 -0.040655 -0.0318116  -0.998667    1.07777
         0          0          0          1
v_world_imu:  0.371973  0.482623 0.0284182
frame_50
id: 683
stamp: 1782119965.990868330
T_odom_lidar: 
  0.901892   0.428777 -0.0523603  0.0401864
  0.429737  -0.902917 0.00814441   -5.23428
-0.0437849 -0.0298465  -0.998595     1.0804
         0          0          0          1
T_world_lidar: 
  0.901892   0.428777 -0.0523603  0.0401864
  0.429737  -0.902917 0.00814441   -5.23428
-0.0437849 -0.0298465  -0.998595     1.0804
         0          0          0          1
v_world_imu: 0.381028 0.495994 0.026351
frame_51
id: 684
stamp: 1782119966.090706110
T_odom_lidar: 
   0.88771   0.457537 -0.0512904   0.078852
  0.458603  -0.888577  0.0107248    -5.1835
-0.0406685 -0.0330424  -0.998626    1.08325
         0          0          0          1
T_world_lidar: 
   0.88771   0.457537 -0.0512904   0.078852
  0.458603  -0.888577  0.0107248    -5.1835
-0.0406685 -0.0330424  -0.998626    1.08325
         0          0          0          1
v_world_imu:  0.367957  0.582425 0.0394882
frame_52
id: 685
stamp: 1782119966.190883160
T_odom_lidar: 
  0.869757   0.490682 -0.0524725   0.117239
  0.491653  -0.870766 0.00664534   -5.12531
-0.0424305 -0.0315781    -0.9986    1.08626
         0          0          0          1
T_world_lidar: 
  0.869757   0.490682 -0.0524725   0.117239
  0.491653  -0.870766 0.00664534   -5.12531
-0.0424305 -0.0315781    -0.9986    1.08626
         0          0          0          1
v_world_imu:  0.338448   0.56538 0.0307637
frame_53
id: 686
stamp: 1782119966.290827990
T_odom_lidar: 
  0.846602    0.52975 -0.0512922    0.15173
  0.530681  -0.847553 0.00555077   -5.06607
-0.0405324 -0.0319191  -0.998668    1.08951
         0          0          0          1
T_world_lidar: 
  0.846602    0.52975 -0.0512922    0.15173
  0.530681  -0.847553 0.00555077   -5.06607
-0.0405324 -0.0319191  -0.998668    1.08951
         0          0          0          1
v_world_imu:  0.369798  0.662003 0.0288706
frame_54
id: 687
stamp: 1782119966.390717745
T_odom_lidar: 
   0.81887   0.571721 -0.0508635    0.18342
  0.572596  -0.819831  0.0032904   -5.00445
-0.0398183 -0.0318186    -0.9987    1.09245
         0          0          0          1
T_world_lidar: 
   0.81887   0.571721 -0.0508635    0.18342
  0.572596  -0.819831  0.0032904   -5.00445
-0.0398183 -0.0318186    -0.9987    1.09245
         0          0          0          1
v_world_imu:  0.265187  0.590664 0.0377047
frame_55
id: 688
stamp: 1782119966.490758419
T_odom_lidar: 
   0.788588    0.612692  -0.0523238    0.213725
   0.613321   -0.789818 -0.00494308     -4.9372
 -0.0443549  -0.0281932   -0.998618     1.09557
          0           0           0           1
T_world_lidar: 
   0.788588    0.612692  -0.0523238    0.213725
   0.613321   -0.789818 -0.00494308     -4.9372
 -0.0443549  -0.0281932   -0.998618     1.09557
          0           0           0           1
v_world_imu:  0.333273  0.682227 0.0280034
frame_56
id: 689
stamp: 1782119966.590698957
T_odom_lidar: 
    0.759982     0.648165   -0.0480604     0.240375
    0.648892    -0.760881 -0.000632831     -4.87278
  -0.0369784   -0.0307051    -0.998844      1.09937
           0            0            0            1
T_world_lidar: 
    0.759982     0.648165   -0.0480604     0.240375
    0.648892    -0.760881 -0.000632831     -4.87278
  -0.0369784   -0.0307051    -0.998844      1.09937
           0            0            0            1
v_world_imu:  0.217978  0.681108 0.0416536
frame_57
id: 690
stamp: 1782119966.690973759
T_odom_lidar: 
  0.731455   0.679818 -0.0531141   0.268269
  0.680347   -0.73282 -0.0101779    -4.8035
-0.0458422 -0.0286914  -0.998537    1.10258
         0          0          0          1
T_world_lidar: 
  0.731455   0.679818 -0.0531141   0.268269
  0.680347   -0.73282 -0.0101779    -4.8035
-0.0458422 -0.0286914  -0.998537    1.10258
         0          0          0          1
v_world_imu: 0.284364 0.641681 0.031753
frame_58
id: 691
stamp: 1782119966.790813446
T_odom_lidar: 
   0.711173    0.701385  -0.0478756    0.290644
     0.7019   -0.712232 -0.00786928    -4.74006
  -0.039618  -0.0280075   -0.998822     1.10583
          0           0           0           1
T_world_lidar: 
   0.711173    0.701385  -0.0478756    0.290644
     0.7019   -0.712232 -0.00786928    -4.74006
  -0.039618  -0.0280075   -0.998822     1.10583
          0           0           0           1
v_world_imu:  0.236088  0.642155 0.0315827
frame_59
id: 692
stamp: 1782119966.890888453
T_odom_lidar: 
  0.691461   0.720736 -0.0492065   0.316143
  0.721181  -0.692655 -0.0112505   -4.67785
-0.0421918 -0.0277075  -0.998725    1.10929
         0          0          0          1
T_world_lidar: 
  0.691461   0.720736 -0.0492065   0.316143
  0.721181  -0.692655 -0.0112505   -4.67785
-0.0421918 -0.0277075  -0.998725    1.10929
         0          0          0          1
v_world_imu:  0.254216  0.631388 0.0306854
frame_60
id: 693
stamp: 1782119966.990697384
T_odom_lidar: 
  0.674393   0.736725 -0.0493009    0.33984
  0.736969  -0.675724 -0.0165468   -4.61451
-0.0455043 -0.0251742  -0.998647    1.11228
         0          0          0          1
T_world_lidar: 
  0.674393   0.736725 -0.0493009    0.33984
  0.736969  -0.675724 -0.0165468   -4.61451
-0.0455043 -0.0251742  -0.998647    1.11228
         0          0          0          1
v_world_imu:  0.214592  0.608557 0.0295728
frame_61
id: 694
stamp: 1782119967.090784073
T_odom_lidar: 
  0.659546   0.750158 -0.0475526   0.362449
  0.750436  -0.660764 -0.0153651   -4.55315
-0.0429473 -0.0255512  -0.998751    1.11534
         0          0          0          1
T_world_lidar: 
  0.659546   0.750158 -0.0475526   0.362449
  0.750436  -0.660764 -0.0153651   -4.55315
-0.0429473 -0.0255512  -0.998751    1.11534
         0          0          0          1
v_world_imu:  0.239408  0.640831 0.0274874
frame_62
id: 695
stamp: 1782119967.190815926
T_odom_lidar: 
  0.647002   0.761012 -0.0474266   0.383304
  0.761076  -0.648337 -0.0205626   -4.48761
-0.0463969 -0.0227912  -0.998663    1.11838
         0          0          0          1
T_world_lidar: 
  0.647002   0.761012 -0.0474266   0.383304
  0.761076  -0.648337 -0.0205626   -4.48761
-0.0463969 -0.0227912  -0.998663    1.11838
         0          0          0          1
v_world_imu:  0.186543  0.645382 0.0301526
frame_63
id: 696
stamp: 1782119967.290675640
T_odom_lidar: 
  0.636283   0.770039 -0.0467335    0.40285
  0.770235  -0.637516 -0.0176369   -4.42258
-0.0433744 -0.0247738  -0.998752    1.12125
         0          0          0          1
T_world_lidar: 
  0.636283   0.770039 -0.0467335    0.40285
  0.770235  -0.637516 -0.0176369   -4.42258
-0.0433744 -0.0247738  -0.998752    1.12125
         0          0          0          1
v_world_imu:  0.201417  0.690469 0.0298666
frame_64
id: 697
stamp: 1782119967.389956236
T_odom_lidar: 
  0.624808    0.77929 -0.0481873   0.423055
  0.779309  -0.626228 -0.0227154   -4.35235
-0.0478781 -0.0233601   -0.99858    1.12402
         0          0          0          1
T_world_lidar: 
  0.624808    0.77929 -0.0481873   0.423055
  0.779309  -0.626228 -0.0227154   -4.35235
-0.0478781 -0.0233601   -0.99858    1.12402
         0          0          0          1
v_world_imu:  0.209111  0.676956 0.0245262
frame_65
id: 698
stamp: 1782119967.490823507
T_odom_lidar: 
  0.611426   0.789892 -0.0472051   0.442788
   0.79013  -0.612679 -0.0178798   -4.28406
-0.0430446  -0.026366  -0.998725    1.12651
         0          0          0          1
T_world_lidar: 
  0.611426   0.789892 -0.0472051   0.442788
   0.79013  -0.612679 -0.0178798   -4.28406
-0.0430446  -0.026366  -0.998725    1.12651
         0          0          0          1
v_world_imu:  0.162275  0.686467 0.0303057
frame_66
id: 699
stamp: 1782119967.591223478
T_odom_lidar: 
  0.591701   0.804795 -0.0468384   0.461184
  0.805038  -0.592942 -0.0182577   -4.21745
-0.0424662 -0.0269036  -0.998736    1.12951
         0          0          0          1
T_world_lidar: 
  0.591701   0.804795 -0.0468384   0.461184
  0.805038  -0.592942 -0.0182577   -4.21745
-0.0424662 -0.0269036  -0.998736    1.12951
         0          0          0          1
v_world_imu:  0.172309  0.659161 0.0338081
frame_67
id: 700
stamp: 1782119967.691031456
T_odom_lidar: 
  0.566747   0.822401 -0.0495389   0.481301
  0.822525  -0.568245 -0.0234614   -4.14849
-0.0474449 -0.0274502  -0.998497    1.13286
         0          0          0          1
T_world_lidar: 
  0.566747   0.822401 -0.0495389   0.481301
  0.822525  -0.568245 -0.0234614   -4.14849
-0.0474449 -0.0274502  -0.998497    1.13286
         0          0          0          1
v_world_imu:  0.220462  0.650488 0.0370106
frame_68
id: 701
stamp: 1782119967.790892839
T_odom_lidar: 
  0.535497   0.843258  -0.046463   0.499433
  0.843574  -0.536703 -0.0182551   -4.08525
-0.0403306 -0.0294194  -0.998753    1.13608
         0          0          0          1
T_world_lidar: 
  0.535497   0.843258  -0.046463   0.499433
  0.843574  -0.536703 -0.0182551   -4.08525
-0.0403306 -0.0294194  -0.998753    1.13608
         0          0          0          1
v_world_imu:  0.203231  0.662044 0.0249538
frame_69
id: 702
stamp: 1782119967.890932560
T_odom_lidar: 
  0.496474   0.866693 -0.0485527   0.520498
  0.866763  -0.498007 -0.0266614   -4.01745
-0.0472868  -0.028847  -0.998465    1.13709
         0          0          0          1
T_world_lidar: 
  0.496474   0.866693 -0.0485527   0.520498
  0.866763  -0.498007 -0.0266614   -4.01745
-0.0472868  -0.028847  -0.998465    1.13709
         0          0          0          1
v_world_imu:   0.21317  0.615846 0.0180445
frame_70
id: 703
stamp: 1782119967.989941359
T_odom_lidar: 
  0.456016   0.888856 -0.0445447   0.538862
  0.888992  -0.457291 -0.0240541   -3.95488
-0.0417505 -0.0286308  -0.998718    1.14028
         0          0          0          1
T_world_lidar: 
  0.456016   0.888856 -0.0445447   0.538862
  0.888992  -0.457291 -0.0240541   -3.95488
-0.0417505 -0.0286308  -0.998718    1.14028
         0          0          0          1
v_world_imu:  0.201764  0.682756 0.0283856
frame_71
id: 704
stamp: 1782119968.090885162
T_odom_lidar: 
  0.421083    0.90591 -0.0449133   0.561491
  0.905818  -0.422559 -0.0306342   -3.88576
-0.0467304 -0.0277837  -0.998521    1.14267
         0          0          0          1
T_world_lidar: 
  0.421083    0.90591 -0.0449133   0.561491
  0.905818  -0.422559 -0.0306342   -3.88576
-0.0467304 -0.0277837  -0.998521    1.14267
         0          0          0          1
v_world_imu:  0.227609  0.650123 0.0295842
frame_72
id: 705
stamp: 1782119968.190932512
T_odom_lidar: 
  0.390553   0.919626 -0.0419232   0.583351
  0.919512  -0.391888 -0.0303599   -3.81859
-0.0443489 -0.0266917  -0.998659    1.14527
         0          0          0          1
T_world_lidar: 
  0.390553   0.919626 -0.0419232   0.583351
  0.919512  -0.391888 -0.0303599   -3.81859
-0.0443489 -0.0266917  -0.998659    1.14527
         0          0          0          1
v_world_imu:  0.229063  0.673373 0.0290644
frame_73
id: 706
stamp: 1782119968.290780067
T_odom_lidar: 
  0.355886   0.933636 -0.0408604   0.606477
  0.933684  -0.357083 -0.0269515   -3.75541
-0.0397534  -0.028559  -0.998801    1.14837
         0          0          0          1
T_world_lidar: 
  0.355886   0.933636 -0.0408604   0.606477
  0.933684  -0.357083 -0.0269515   -3.75541
-0.0397534  -0.028559  -0.998801    1.14837
         0          0          0          1
v_world_imu:  0.220614  0.637629 0.0400941
frame_74
id: 707
stamp: 1782119968.390708923
T_odom_lidar: 
  0.322128   0.945854 -0.0399279   0.629436
  0.945692  -0.323442 -0.0324319   -3.68985
-0.0435902 -0.0273123  -0.998676    1.15097
         0          0          0          1
T_world_lidar: 
  0.322128   0.945854 -0.0399279   0.629436
  0.945692  -0.323442 -0.0324319   -3.68985
-0.0435902 -0.0273123  -0.998676    1.15097
         0          0          0          1
v_world_imu:   0.20658   0.59457 0.0294835
frame_75
id: 708
stamp: 1782119968.490717649
T_odom_lidar: 
  0.285999   0.957476 -0.0380025   0.651019
  0.957379  -0.287191 -0.0307803   -3.62601
-0.0403854 -0.0275796  -0.998803    1.15418
         0          0          0          1
T_world_lidar: 
  0.285999   0.957476 -0.0380025   0.651019
  0.957379  -0.287191 -0.0307803   -3.62601
-0.0403854 -0.0275796  -0.998803    1.15418
         0          0          0          1
v_world_imu:  0.195325  0.698205 0.0329216
frame_76
id: 709
stamp: 1782119968.590797901
T_odom_lidar: 
  0.249107   0.967774 -0.0368736   0.671317
  0.967643  -0.250291  -0.031967   -3.55847
 -0.040166 -0.0277172  -0.998809    1.15737
         0          0          0          1
T_world_lidar: 
  0.249107   0.967774 -0.0368736   0.671317
  0.967643  -0.250291  -0.031967   -3.55847
 -0.040166 -0.0277172  -0.998809    1.15737
         0          0          0          1
v_world_imu: 0.204327 0.645552 0.030261
frame_77
id: 710
stamp: 1782119968.690751553
T_odom_lidar: 
    0.2138   0.976268 -0.0345144   0.689851
    0.9761  -0.214906 -0.0323232   -3.48858
-0.0389734 -0.0267788  -0.998881    1.16064
         0          0          0          1
T_world_lidar: 
    0.2138   0.976268 -0.0345144   0.689851
    0.9761  -0.214906 -0.0323232   -3.48858
-0.0389734 -0.0267788  -0.998881    1.16064
         0          0          0          1
v_world_imu:  0.184054  0.729354 0.0360535
frame_78
id: 711
stamp: 1782119968.790753126
T_odom_lidar: 
  0.185178   0.982083 -0.0349616    0.70914
  0.981972  -0.186297 -0.0320073   -3.41701
-0.0379471 -0.0284042  -0.998876    1.16402
         0          0          0          1
T_world_lidar: 
  0.185178   0.982083 -0.0349616    0.70914
  0.981972  -0.186297 -0.0320073   -3.41701
-0.0379471 -0.0284042  -0.998876    1.16402
         0          0          0          1
v_world_imu:  0.149241  0.702732 0.0443071
frame_79
id: 712
stamp: 1782119968.890736580
T_odom_lidar: 
  0.166785   0.985401 -0.0341797   0.728127
   0.98528  -0.167882 -0.0322196   -3.34759
-0.0374874 -0.0283028  -0.998896     1.1679
         0          0          0          1
T_world_lidar: 
  0.166785   0.985401 -0.0341797   0.728127
   0.98528  -0.167882 -0.0322196   -3.34759
-0.0374874 -0.0283028  -0.998896     1.1679
         0          0          0          1
v_world_imu:  0.213886  0.637068 0.0362512
frame_80
id: 713
stamp: 1782119968.990891457
T_odom_lidar: 
  0.150922   0.988036  -0.031733   0.747664
  0.987854  -0.151939 -0.0325336   -3.28201
-0.0369658 -0.0264375  -0.998967    1.17119
         0          0          0          1
T_world_lidar: 
  0.150922   0.988036  -0.031733   0.747664
  0.987854  -0.151939 -0.0325336   -3.28201
-0.0369658 -0.0264375  -0.998967    1.17119
         0          0          0          1
v_world_imu:  0.184174  0.698761 0.0283432
frame_81
id: 714
stamp: 1782119969.090922832
T_odom_lidar: 
  0.135678   0.990238 -0.0319405   0.768853
  0.990207  -0.136603 -0.0287998    -3.2185
-0.0328818 -0.0277202  -0.999075    1.17496
         0          0          0          1
T_world_lidar: 
  0.135678   0.990238 -0.0319405   0.768853
  0.990207  -0.136603 -0.0287998    -3.2185
-0.0328818 -0.0277202  -0.999075    1.17496
         0          0          0          1
v_world_imu:  0.238601  0.578692 0.0383547
frame_82
id: 715
stamp: 1782119969.190885305
T_odom_lidar: 
  0.125771   0.991627 -0.0292773   0.787798
  0.991406  -0.126704  -0.032556   -3.15594
 -0.035993 -0.0249311  -0.999041      1.179
         0          0          0          1
T_world_lidar: 
  0.125771   0.991627 -0.0292773   0.787798
  0.991406  -0.126704  -0.032556   -3.15594
