id: 0
T_world_origin: 
 -0.911855   0.408527  0.0403132    1.63388
  0.408326   0.912737 -0.0134706  0.0932097
-0.0422984 0.00417767  -0.999096    1.24997
         0          0          0          1
T_origin_endpoint_L: 
  0.975441     0.2192 -0.0215903    1.45427
 -0.218818   0.975586  0.0187012  -0.753552
 0.0251625 -0.0135175   0.999592 -0.0147051
         0          0          0          1
T_origin_endpoint_R: 
  0.803269  -0.595387  0.0165416    1.58713
  0.595602   0.803132 -0.0153872    3.10724
-0.0041237  0.0222123   0.999745  -0.189124
         0          0          0          1
T_lidar_imu: 
     1      0      0  0.006
     0      1      0 -0.012
     0      0      1  0.008
     0      0      0      1
imu_bias: -0.000217404  -0.00431426 -0.000250842  -0.00120999 -0.000174828  0.000727285
frame_id: 2
num_frames: 283
frame_0
id: 0
stamp: 1782112761.234055519
T_odom_lidar: 
   -0.97784     0.19813   0.0676239  0.00706561
   0.198236    0.980141 -0.00521178    0.010044
 -0.0673136  0.00830918   -0.997697     1.20849
          0           0           0           1
T_world_lidar: 
   -0.97784     0.19813   0.0676239  0.00706561
   0.198236    0.980141 -0.00521178    0.010044
 -0.0673136  0.00830918   -0.997697     1.20849
          0           0           0           1
v_world_imu:  0.0263092   0.037645 -0.0115429
frame_1
id: 1
stamp: 1782112761.334374666
T_odom_lidar: 
  -0.977922    0.197721   0.0676318  0.00898338
   0.197772     0.98023 -0.00600688   0.0126266
 -0.0674824  0.00750142   -0.997692     1.20801
          0           0           0           1
T_world_lidar: 
  -0.977922    0.197721   0.0676318  0.00898338
   0.197772     0.98023 -0.00600688   0.0126266
 -0.0674824  0.00750142   -0.997692     1.20801
          0           0           0           1
v_world_imu:   0.0119963   0.0161084 -0.00102057
frame_2
id: 2
stamp: 1782112761.434094906
T_odom_lidar: 
  -0.977899    0.198009   0.0671198  0.00976253
   0.198093    0.980168 -0.00546905    0.013559
 -0.0668716   0.0079478    -0.99773     1.20839
          0           0           0           1
T_world_lidar: 
  -0.977899    0.198009   0.0671198  0.00976253
   0.198093    0.980168 -0.00546905    0.013559
 -0.0668716   0.0079478    -0.99773     1.20839
          0           0           0           1
v_world_imu: 0.00675487 0.00781562 0.00230449
frame_3
id: 3
stamp: 1782112761.534447908
T_odom_lidar: 
  -0.977979    0.197625   0.0670917   0.0104259
   0.197693    0.980247 -0.00568874   0.0142371
 -0.0668907  0.00770009   -0.997731     1.20859
          0           0           0           1
T_world_lidar: 
  -0.977979    0.197625   0.0670917   0.0104259
   0.197693    0.980247 -0.00568874   0.0142371
 -0.0668907  0.00770009   -0.997731     1.20859
          0           0           0           1
v_world_imu:  0.00404239  0.00516068 0.000972884
frame_4
id: 4
stamp: 1782112761.634451151
T_odom_lidar: 
  -0.977861    0.197862   0.0681055   0.0105264
   0.197909    0.980201 -0.00612443   0.0145026
 -0.0679688  0.00748983   -0.997659     1.20867
          0           0           0           1
T_world_lidar: 
  -0.977861    0.197862   0.0681055   0.0105264
   0.197909    0.980201 -0.00612443   0.0145026
 -0.0679688  0.00748983   -0.997659     1.20867
          0           0           0           1
v_world_imu: 0.000694986  0.00249445 0.000816807
frame_5
id: 5
stamp: 1782112761.734588623
T_odom_lidar: 
  -0.977959    0.197771   0.0669522   0.0106276
   0.197827     0.98022 -0.00586262   0.0147196
 -0.0667873  0.00751152   -0.997739      1.2087
          0           0           0           1
T_world_lidar: 
  -0.977959    0.197771   0.0669522   0.0106276
   0.197827     0.98022 -0.00586262   0.0147196
 -0.0667873  0.00751152   -0.997739      1.2087
          0           0           0           1
v_world_imu:  0.00160765 0.000909998  0.00289352
frame_6
id: 6
stamp: 1782112761.834029913
T_odom_lidar: 
  -0.977905    0.197893   0.0673743   0.0107523
   0.197995    0.980189 -0.00523424   0.0147216
 -0.0670754  0.00822116   -0.997714     1.20893
          0           0           0           1
T_world_lidar: 
  -0.977905    0.197893   0.0673743   0.0107523
   0.197995    0.980189 -0.00523424   0.0147216
 -0.0670754  0.00822116   -0.997714     1.20893
          0           0           0           1
v_world_imu: 0.000444872  -0.0019858  0.00235004
frame_7
id: 7
stamp: 1782112761.934534073
T_odom_lidar: 
  -0.977928    0.197752   0.0674616   0.0106617
   0.197762    0.980228 -0.00659429   0.0145652
 -0.0674318  0.00689262     -0.9977     1.20884
          0           0           0           1
T_world_lidar: 
  -0.977928    0.197752   0.0674616   0.0106617
   0.197762    0.980228 -0.00659429   0.0145652
 -0.0674318  0.00689262     -0.9977     1.20884
          0           0           0           1
v_world_imu: -0.00171841 -0.00101978 -0.00102504
frame_8
id: 8
stamp: 1782112762.034098148
T_odom_lidar: 
  -0.977868    0.197813   0.0681421   0.0105087
   0.197898    0.980207 -0.00556857   0.0145949
 -0.0678949  0.00803983    -0.99766      1.2089
          0           0           0           1
T_world_lidar: 
  -0.977868    0.197813   0.0681421   0.0105087
   0.197898    0.980207 -0.00556857   0.0145949
 -0.0678949  0.00803983    -0.99766      1.2089
          0           0           0           1
v_world_imu: -0.00168698 0.000345563 -0.00174453
frame_9
id: 9
stamp: 1782112762.134046078
T_odom_lidar: 
  -0.977935     0.19776   0.0673416   0.0104087
   0.197819    0.980221 -0.00585119   0.0144908
 -0.0671668  0.00759939   -0.997713     1.20884
          0           0           0           1
T_world_lidar: 
  -0.977935     0.19776   0.0673416   0.0104087
   0.197819    0.980221 -0.00585119   0.0144908
 -0.0671668  0.00759939   -0.997713     1.20884
          0           0           0           1
v_world_imu: -0.000946938  -0.00113513  -0.00188856
frame_10
id: 10
stamp: 1782112762.234528542
T_odom_lidar: 
  -0.977924    0.197675   0.0677411   0.0102852
   0.197748    0.980236 -0.00569954    0.014337
 -0.0675289  0.00782193   -0.997687     1.20885
          0           0           0           1
T_world_lidar: 
  -0.977924    0.197675   0.0677411   0.0102852
   0.197748    0.980236 -0.00569954    0.014337
 -0.0675289  0.00782193   -0.997687     1.20885
          0           0           0           1
v_world_imu: -0.00243878 0.000545092   0.0011342
frame_11
id: 11
stamp: 1782112762.334351540
T_odom_lidar: 
  -0.977919    0.197587   0.0680799  0.00991473
   0.197611    0.980259 -0.00644651   0.0144577
 -0.0680097  0.00714915   -0.997659     1.20899
          0           0           0           1
T_world_lidar: 
  -0.977919    0.197587   0.0680799  0.00991473
   0.197611    0.980259 -0.00644651   0.0144577
 -0.0680097  0.00714915   -0.997659     1.20899
          0           0           0           1
v_world_imu: -0.00206509  0.00020979 0.000129271
frame_12
id: 12
stamp: 1782112762.434410334
T_odom_lidar: 
  -0.97796   0.197649  0.0673051  0.0098206
  0.197698   0.980245 -0.0059962  0.0143607
-0.0671606 0.00744205  -0.997714    1.20862
         0          0          0          1
T_world_lidar: 
  -0.97796   0.197649  0.0673051  0.0098206
  0.197698   0.980245 -0.0059962  0.0143607
-0.0671606 0.00744205  -0.997714    1.20862
         0          0          0          1
v_world_imu: -0.000177248  -0.00122564  0.000258701
frame_13
id: 13
stamp: 1782112762.534388781
T_odom_lidar: 
  -0.977998    0.197462     0.06729  0.00980427
   0.197524    0.980281 -0.00579011   0.0143464
 -0.0671064  0.00762866   -0.997717     1.20875
          0           0           0           1
T_world_lidar: 
  -0.977998    0.197462     0.06729  0.00980427
   0.197524    0.980281 -0.00579011   0.0143464
 -0.0671064  0.00762866   -0.997717     1.20875
          0           0           0           1
v_world_imu:   0.00126322 -0.000622053    0.0045885
frame_14
id: 14
stamp: 1782112762.634343386
T_odom_lidar: 
  -0.977971    0.197416   0.0678196  0.00999291
   0.197445    0.980294 -0.00634187   0.0143685
 -0.0677351  0.00718846   -0.997677     1.20909
          0           0           0           1
T_world_lidar: 
  -0.977971    0.197416   0.0678196  0.00999291
   0.197445    0.980294 -0.00634187   0.0143685
 -0.0677351  0.00718846   -0.997677     1.20909
          0           0           0           1
v_world_imu:  0.000710801 -0.000687356   0.00161769
frame_15
id: 15
stamp: 1782112762.734016895
T_odom_lidar: 
  -0.977952    0.197574   0.0676273   0.0100313
   0.197633    0.980258 -0.00588552   0.0143274
 -0.0674551  0.00760966   -0.997693     1.20916
          0           0           0           1
T_world_lidar: 
  -0.977952    0.197574   0.0676273   0.0100313
   0.197633    0.980258 -0.00588552   0.0143274
 -0.0674551  0.00760966   -0.997693     1.20916
          0           0           0           1
v_world_imu:   0.00201214  0.000358454 -0.000282452
frame_16
id: 16
stamp: 1782112762.834447145
T_odom_lidar: 
  -0.977985    0.197497   0.0673836   0.0104689
   0.197566    0.980273 -0.00569792    0.014438
 -0.0671797  0.00774025   -0.997711     1.20938
          0           0           0           1
T_world_lidar: 
  -0.977985    0.197497   0.0673836   0.0104689
   0.197566    0.980273 -0.00569792    0.014438
 -0.0671797  0.00774025   -0.997711     1.20938
          0           0           0           1
v_world_imu:   0.00318807   0.00322463 -0.000558134
frame_17
id: 17
stamp: 1782112762.934559345
T_odom_lidar: 
  -0.977924    0.197721   0.0676119   0.0105926
   0.197794    0.980227 -0.00569005   0.0147932
    -0.0674  0.00780876   -0.997695     1.20936
          0           0           0           1
T_world_lidar: 
  -0.977924    0.197721   0.0676119   0.0105926
   0.197794    0.980227 -0.00569005   0.0147932
    -0.0674  0.00780876   -0.997695     1.20936
          0           0           0           1
v_world_imu: -0.000492099   0.00405695  -0.00253979
frame_18
id: 18
stamp: 1782112763.034425974
T_odom_lidar: 
  -0.977922    0.197653    0.067833   0.0104229
   0.197678    0.980246 -0.00642285   0.0150648
 -0.0677625  0.00712802   -0.997676     1.20903
          0           0           0           1
T_world_lidar: 
  -0.977922    0.197653    0.067833   0.0104229
   0.197678    0.980246 -0.00642285   0.0150648
 -0.0677625  0.00712802   -0.997676     1.20903
          0           0           0           1
v_world_imu: -0.000824373   0.00191896  -0.00284237
frame_19
id: 19
stamp: 1782112763.134037256
T_odom_lidar: 
   -0.97798    0.197413   0.0676971   0.0103497
     0.1975    0.980288 -0.00546275   0.0151555
  -0.067441  0.00802773   -0.997691     1.20877
          0           0           0           1
T_world_lidar: 
   -0.97798    0.197413   0.0676971   0.0103497
     0.1975    0.980288 -0.00546275   0.0151555
  -0.067441  0.00802773   -0.997691     1.20877
          0           0           0           1
v_world_imu: -0.000222779  0.000244741   0.00334358
frame_20
id: 20
stamp: 1782112763.234069109
T_odom_lidar: 
  -0.978015    0.197436   0.0671239   0.0102975
   0.197482    0.980288 -0.00601998   0.0151972
 -0.0669894  0.00736814   -0.997726     1.20919
          0           0           0           1
T_world_lidar: 
  -0.978015    0.197436   0.0671239   0.0102975
   0.197482    0.980288 -0.00601998   0.0151972
 -0.0669894  0.00736814   -0.997726     1.20919
          0           0           0           1
v_world_imu: 0.000221001 -0.00127764  0.00481784
frame_21
id: 21
stamp: 1782112763.334428787
T_odom_lidar: 
  -0.97796   0.197461  0.0678496  0.0103863
  0.197499   0.980283 -0.0062072  0.0151272
-0.0677375 0.00732982  -0.997676    1.20922
         0          0          0          1
T_world_lidar: 
  -0.97796   0.197461  0.0678496  0.0103863
  0.197499   0.980283 -0.0062072  0.0151272
-0.0677375 0.00732982  -0.997676    1.20922
         0          0          0          1
v_world_imu:   0.00178961 -0.000135386 -0.000841342
frame_22
id: 22
stamp: 1782112763.434226751
T_odom_lidar: 
  -0.977962    0.197451    0.067855   0.0106535
   0.197514    0.980283 -0.00584161   0.0152304
 -0.0676705  0.00768945   -0.997678     1.20909
          0           0           0           1
T_world_lidar: 
  -0.977962    0.197451    0.067855   0.0106535
   0.197514    0.980283 -0.00584161   0.0152304
 -0.0676705  0.00768945   -0.997678     1.20909
          0           0           0           1
v_world_imu:   0.00226889 -0.000271939  -0.00214664
frame_23
id: 23
stamp: 1782112763.534069777
T_odom_lidar: 
  -0.977992    0.197273   0.0679406   0.0108693
   0.197375    0.980314 -0.00527611   0.0150996
  -0.067644  0.00824978   -0.997675     1.20912
          0           0           0           1
T_world_lidar: 
  -0.977992    0.197273   0.0679406   0.0108693
   0.197375    0.980314 -0.00527611   0.0150996
  -0.067644  0.00824978   -0.997675     1.20912
          0           0           0           1
v_world_imu:   0.00145825   0.00127771 -0.000819304
frame_24
id: 24
stamp: 1782112763.634542942
T_odom_lidar: 
  -0.977983     0.19735   0.0678464   0.0109887
   0.197396    0.980305 -0.00608725   0.0153745
 -0.0677115   0.0074394   -0.997677     1.20923
          0           0           0           1
T_world_lidar: 
  -0.977983     0.19735   0.0678464   0.0109887
   0.197396    0.980305 -0.00608725   0.0153745
 -0.0677115   0.0074394   -0.997677     1.20923
          0           0           0           1
v_world_imu:  0.000244255   0.00218152 -0.000471126
frame_25
id: 25
stamp: 1782112763.734420061
T_odom_lidar: 
  -0.977994    0.197317   0.0677771   0.0109048
    0.19732    0.980316 -0.00672464   0.0153584
 -0.0677699  0.00679712   -0.997678     1.20915
          0           0           0           1
T_world_lidar: 
  -0.977994    0.197317   0.0677771   0.0109048
    0.19732    0.980316 -0.00672464   0.0153584
 -0.0677699  0.00679712   -0.997678     1.20915
          0           0           0           1
v_world_imu: -0.00107823 0.000644414 -0.00162941
frame_26
id: 26
stamp: 1782112763.833996296
T_odom_lidar: 
  -0.978061    0.197386   0.0665919   0.0107247
   0.197448    0.980297 -0.00571852   0.0154521
 -0.0664086  0.00755538   -0.997764     1.20885
          0           0           0           1
T_world_lidar: 
  -0.978061    0.197386   0.0665919   0.0107247
   0.197448    0.980297 -0.00571852   0.0154521
 -0.0664086  0.00755538   -0.997764     1.20885
          0           0           0           1
v_world_imu:  -0.00125881 -9.21781e-05  2.38826e-05
frame_27
id: 27
stamp: 1782112763.934429407
T_odom_lidar: 
  -0.977993    0.197584   0.0670062   0.0105919
   0.197625    0.980259 -0.00608201    0.015409
 -0.0668851  0.00729391   -0.997734     1.20875
          0           0           0           1
T_world_lidar: 
  -0.977993    0.197584   0.0670062   0.0105919
   0.197625    0.980259 -0.00608201    0.015409
 -0.0668851  0.00729391   -0.997734     1.20875
          0           0           0           1
v_world_imu: -0.000528275 -0.000380027   0.00167876
frame_28
id: 28
stamp: 1782112764.034381390
T_odom_lidar: 
   -0.97801     0.19733   0.0675105   0.0105019
   0.197355    0.980311 -0.00636272   0.0154946
 -0.0674368  0.00710072   -0.997698     1.20868
          0           0           0           1
T_world_lidar: 
   -0.97801     0.19733   0.0675105   0.0105019
   0.197355    0.980311 -0.00636272   0.0154946
 -0.0674368  0.00710072   -0.997698     1.20868
          0           0           0           1
v_world_imu: -0.00148521 -0.00133371 -0.00014509
frame_29
id: 29
stamp: 1782112764.134139061
T_odom_lidar: 
  -0.978043    0.197285   0.0671565   0.0103137
   0.197338    0.980318 -0.00591474   0.0152826
 -0.0670016  0.00746764   -0.997725     1.20861
          0           0           0           1
T_world_lidar: 
  -0.978043    0.197285   0.0671565   0.0103137
   0.197338    0.980318 -0.00591474   0.0152826
 -0.0670016  0.00746764   -0.997725     1.20861
          0           0           0           1
v_world_imu: -0.00210185 -0.00158512 -0.00103928
frame_30
id: 30
stamp: 1782112764.234020472
T_odom_lidar: 
  -0.978015    0.197417    0.067176   0.0102154
   0.197476     0.98029 -0.00582131   0.0151876
 -0.0670012  0.00757233   -0.997724     1.20873
          0           0           0           1
T_world_lidar: 
  -0.978015    0.197417    0.067176   0.0102154
   0.197476     0.98029 -0.00582131   0.0151876
 -0.0670012  0.00757233   -0.997724     1.20873
          0           0           0           1
v_world_imu: -0.000202696  -0.00188074  0.000327949
frame_31
id: 31
stamp: 1782112764.334174633
T_odom_lidar: 
   -0.97793    0.197563    0.067985   0.0103671
   0.197638    0.980259 -0.00568622   0.0148719
 -0.0677663  0.00787571    -0.99767     1.20895
          0           0           0           1
T_world_lidar: 
   -0.97793    0.197563    0.067985   0.0103671
   0.197638    0.980259 -0.00568622   0.0148719
 -0.0677663  0.00787571    -0.99767     1.20895
          0           0           0           1
v_world_imu:  0.00343293 0.000339051 -0.00142483
frame_32
id: 32
stamp: 1782112764.434561491
T_odom_lidar: 
 -0.977957   0.197511  0.0677498  0.0107946
  0.197573   0.980271 -0.0058555  0.0151743
-0.0675697 0.00765911  -0.997685    1.20875
         0          0          0          1
T_world_lidar: 
 -0.977957   0.197511  0.0677498  0.0107946
  0.197573   0.980271 -0.0058555  0.0151743
-0.0675697 0.00765911  -0.997685    1.20875
         0          0          0          1
v_world_imu:  0.00303804  0.00453234 -0.00195515
frame_33
id: 33
stamp: 1782112764.534497976
T_odom_lidar: 
  -0.977999    0.197441   0.0673429   0.0108166
   0.197512    0.980284 -0.00567623    0.015429
 -0.0671359  0.00774968   -0.997714     1.20866
          0           0           0           1
T_world_lidar: 
  -0.977999    0.197441   0.0673429   0.0108166
   0.197512    0.980284 -0.00567623    0.015429
 -0.0671359  0.00774968   -0.997714     1.20866
          0           0           0           1
v_world_imu: -0.00127459 -0.00130144  0.00173706
frame_34
id: 34
stamp: 1782112764.634442568
T_odom_lidar: 
  -0.978011    0.197402   0.0672836   0.0105102
   0.197483    0.980291 -0.00551188   0.0149851
 -0.0670456  0.00789671   -0.997719     1.20876
          0           0           0           1
T_world_lidar: 
  -0.978011    0.197402   0.0672836   0.0105102
   0.197483    0.980291 -0.00551188   0.0149851
 -0.0670456  0.00789671   -0.997719     1.20876
          0           0           0           1
v_world_imu: -0.00299117 -0.00534415  0.00341281
frame_35
id: 35
stamp: 1782112764.734094620
T_odom_lidar: 
  -0.977966    0.197396   0.0679522   0.0101673
   0.197422    0.980298 -0.00639298   0.0146354
 -0.0678753  0.00716314   -0.997668     1.20879
          0           0           0           1
T_world_lidar: 
  -0.977966    0.197396   0.0679522   0.0101673
   0.197422    0.980298 -0.00639298   0.0146354
 -0.0678753  0.00716314   -0.997668     1.20879
          0           0           0           1
v_world_imu:   -0.0038491  -0.00375965 -0.000964246
frame_36
id: 36
stamp: 1782112764.834456205
T_odom_lidar: 
  -0.978025    0.197332   0.0672827  0.00981121
   0.197424    0.980304 -0.00534044   0.0143351
 -0.0670113  0.00806017    -0.99772     1.20848
          0           0           0           1
T_world_lidar: 
  -0.978025    0.197332   0.0672827  0.00981121
   0.197424    0.980304 -0.00534044   0.0143351
 -0.0670113  0.00806017    -0.99772     1.20848
          0           0           0           1
v_world_imu:  -0.00218703  -0.00282805 -0.000476068
frame_37
id: 37
stamp: 1782112764.934161663
T_odom_lidar: 
 -0.978026   0.197477  0.0668482 0.00978673
  0.197561   0.980276 -0.0054228  0.0141512
-0.0666006 0.00790293  -0.997748    1.20875
         0          0          0          1
T_world_lidar: 
 -0.978026   0.197477  0.0668482 0.00978673
  0.197561   0.980276 -0.0054228  0.0141512
-0.0666006 0.00790293  -0.997748    1.20875
         0          0          0          1
v_world_imu: -0.00130817  -0.0004409 0.000603285
frame_38
id: 38
stamp: 1782112765.034070730
T_odom_lidar: 
  -0.977923    0.197731   0.0676001   0.0095136
   0.197781    0.980228 -0.00601528   0.0141313
 -0.0674529  0.00748755   -0.997694     1.20881
          0           0           0           1
T_world_lidar: 
  -0.977923    0.197731   0.0676001   0.0095136
   0.197781    0.980228 -0.00601528   0.0141313
 -0.0674529  0.00748755   -0.997694     1.20881
          0           0           0           1
v_world_imu:  -0.00433565 -0.000252214  -0.00157206
frame_39
id: 39
stamp: 1782112765.134148121
T_odom_lidar: 
  -0.977902    0.197769    0.067794   0.0090634
   0.197809    0.980221 -0.00618161   0.0138892
 -0.0676756  0.00736527    -0.99768     1.20879
          0           0           0           1
T_world_lidar: 
  -0.977902    0.197769    0.067794   0.0090634
   0.197809    0.980221 -0.00618161   0.0138892
 -0.0676756  0.00736527    -0.99768     1.20879
          0           0           0           1
v_world_imu: -0.00144844 -0.00339076   -0.001118
frame_40
id: 40
stamp: 1782112765.234429359
T_odom_lidar: 
  -0.977935    0.197921   0.0668614  0.00921404
   0.197962    0.980191 -0.00607711   0.0134518
 -0.0667397    0.007293   -0.997744     1.20867
          0           0           0           1
T_world_lidar: 
  -0.977935    0.197921   0.0668614  0.00921404
   0.197962    0.980191 -0.00607711   0.0134518
 -0.0667397    0.007293   -0.997744     1.20867
          0           0           0           1
v_world_imu:  0.00276971 -0.00249783  0.00117704
frame_41
id: 41
stamp: 1782112765.334580183
T_odom_lidar: 
  -0.977902    0.197911   0.0673791  0.00946244
   0.197989    0.980188 -0.00557626   0.0133502
 -0.0671478  0.00788731   -0.997712     1.20891
          0           0           0           1
T_world_lidar: 
  -0.977902    0.197911   0.0673791  0.00946244
   0.197989    0.980188 -0.00557626   0.0133502
 -0.0671478  0.00788731   -0.997712     1.20891
          0           0           0           1
v_world_imu:  0.00266486 -0.00207494  0.00400553
frame_42
id: 42
stamp: 1782112765.434437990
T_odom_lidar: 
  -0.977827    0.197985   0.0682314   0.0096246
   0.198049    0.980174 -0.00588893   0.0130341
 -0.0680446  0.00775482   -0.997652     1.20901
          0           0           0           1
T_world_lidar: 
  -0.977827    0.197985   0.0682314   0.0096246
   0.198049    0.980174 -0.00588893   0.0130341
 -0.0680446  0.00775482   -0.997652     1.20901
          0           0           0           1
v_world_imu: -0.000183384  -0.00480996  -0.00185917
frame_43
id: 43
stamp: 1782112765.534421682
T_odom_lidar: 
 -0.977863   0.197879  0.0680202 0.00950861
  0.197993    0.98019 -0.0051421  0.0126422
-0.0676902 0.00843921  -0.997671    1.20857
         0          0          0          1
T_world_lidar: 
 -0.977863   0.197879  0.0680202 0.00950861
  0.197993    0.98019 -0.0051421  0.0126422
-0.0676902 0.00843921  -0.997671    1.20857
         0          0          0          1
v_world_imu: -0.00079939 -0.00104491 -0.00310596
frame_44
id: 44
stamp: 1782112765.634101152
T_odom_lidar: 
  -0.977973    0.197697    0.066974  0.00947085
   0.197783    0.980231 -0.00539867   0.0127652
 -0.0667172  0.00796658    -0.99774     1.20852
          0           0           0           1
T_world_lidar: 
  -0.977973    0.197697    0.066974  0.00947085
   0.197783    0.980231 -0.00539867   0.0127652
 -0.0667172  0.00796658    -0.99774     1.20852
          0           0           0           1
v_world_imu:  -0.00228683 -0.000734953 -0.000342239
frame_45
id: 45
stamp: 1782112765.734479666
T_odom_lidar: 
  -0.977848    0.198161   0.0674223  0.00907794
   0.198235    0.980138 -0.00566144   0.0122857
 -0.0672051  0.00782944   -0.997708     1.20866
          0           0           0           1
T_world_lidar: 
  -0.977848    0.198161   0.0674223  0.00907794
   0.198235    0.980138 -0.00566144   0.0122857
 -0.0672051  0.00782944   -0.997708     1.20866
          0           0           0           1
v_world_imu: -0.00425757 -0.00592353 0.000399324
frame_46
id: 46
stamp: 1782112765.834188700
T_odom_lidar: 
  -0.977874    0.197827   0.0680195  0.00876185
    0.19787    0.980209 -0.00616478    0.011726
 -0.0678928  0.00743066   -0.997665     1.20875
          0           0           0           1
T_world_lidar: 
  -0.977874    0.197827   0.0680195  0.00876185
    0.19787    0.980209 -0.00616478    0.011726
 -0.0678928  0.00743066   -0.997665     1.20875
          0           0           0           1
v_world_imu: -0.000514479  -0.00188229  -0.00152718
frame_47
id: 47
stamp: 1782112765.934091330
T_odom_lidar: 
  -0.977798    0.198011   0.0685684  0.00888984
   0.198147     0.98016 -0.00488642   0.0117953
 -0.0681756  0.00880869   -0.997634     1.20844
          0           0           0           1
T_world_lidar: 
  -0.977798    0.198011   0.0685684  0.00888984
   0.198147     0.98016 -0.00488642   0.0117953
 -0.0681756  0.00880869   -0.997634     1.20844
          0           0           0           1
v_world_imu:  0.00216313 -0.00139109 0.000330724
frame_48
id: 48
stamp: 1782112766.034508467
T_odom_lidar: 
  -0.977772     0.19827   0.0681968  0.00896138
   0.198373    0.980112 -0.00533309   0.0114363
 -0.0678979  0.00831382   -0.997658     1.20854
          0           0           0           1
T_world_lidar: 
  -0.977772     0.19827   0.0681968  0.00896138
   0.198373    0.980112 -0.00533309   0.0114363
 -0.0678979  0.00831382   -0.997658     1.20854
          0           0           0           1
v_world_imu: -0.00110167 -0.00442847  0.00441763
frame_49
id: 49
stamp: 1782112766.134064436
T_odom_lidar: 
  -0.977784     0.19814   0.0684046  0.00871016
   0.198226     0.98014 -0.00560243   0.0111322
 -0.0681562  0.00808159   -0.997642     1.20884
          0           0           0           1
T_world_lidar: 
  -0.977784     0.19814   0.0684046  0.00871016
   0.198226     0.98014 -0.00560243   0.0111322
 -0.0681562  0.00808159   -0.997642     1.20884
          0           0           0           1
v_world_imu: -0.00203752 -0.00356175  0.00144506
frame_50
id: 50
stamp: 1782112766.234091043
T_odom_lidar: 
  -0.977748    0.198321   0.0683988  0.00868574
   0.198378    0.980107 -0.00603338   0.0108291
 -0.0682347  0.00766968    -0.99764     1.20875
          0           0           0           1
T_world_lidar: 
  -0.977748    0.198321   0.0683988  0.00868574
   0.198378    0.980107 -0.00603338   0.0108291
 -0.0682347  0.00766968    -0.99764     1.20875
          0           0           0           1
v_world_imu:  0.00108116 -0.00243581 -0.00129449
frame_51
id: 51
stamp: 1782112766.334485769
T_odom_lidar: 
  -0.977833    0.198033    0.068015  0.00892917
   0.198111    0.980163 -0.00567555    0.010656
 -0.0677898  0.00792476   -0.997668     1.20875
          0           0           0           1
T_world_lidar: 
  -0.977833    0.198033    0.068015  0.00892917
   0.198111    0.980163 -0.00567555    0.010656
 -0.0677898  0.00792476   -0.997668     1.20875
          0           0           0           1
v_world_imu:    0.0023587 -0.000461589 -0.000936359
frame_52
id: 52
stamp: 1782112766.434393167
T_odom_lidar: 
  -0.977884    0.197823   0.0678903   0.0090423
   0.197908    0.980205 -0.00554636   0.0105819
 -0.0676436  0.00801232   -0.997677     1.20872
          0           0           0           1
T_world_lidar: 
  -0.977884    0.197823   0.0678903   0.0090423
   0.197908    0.980205 -0.00554636   0.0105819
 -0.0676436  0.00801232   -0.997677     1.20872
          0           0           0           1
v_world_imu: -0.00186746 -0.00120163 -0.00185043
frame_53
id: 53
stamp: 1782112766.534091473
T_odom_lidar: 
  -0.977794    0.198063   0.0684769  0.00858466
   0.198123    0.980159 -0.00598243   0.0102984
 -0.0683031  0.00771728   -0.997635      1.2086
          0           0           0           1
T_world_lidar: 
  -0.977794    0.198063   0.0684769  0.00858466
   0.198123    0.980159 -0.00598243   0.0102984
 -0.0683031  0.00771728   -0.997635      1.2086
          0           0           0           1
v_world_imu: -0.00417982 -0.00269371 0.000490664
frame_54
id: 54
stamp: 1782112766.634040594
T_odom_lidar: 
  -0.977863    0.198057   0.0675069  0.00833946
   0.198101    0.980163 -0.00611795   0.0101282
 -0.0673795  0.00739066     -0.9977     1.20865
          0           0           0           1
T_world_lidar: 
  -0.977863    0.198057   0.0675069  0.00833946
   0.198101    0.980163 -0.00611795   0.0101282
 -0.0673795  0.00739066     -0.9977     1.20865
          0           0           0           1
v_world_imu:  0.000584417  0.000460292 -0.000428925
frame_55
id: 55
stamp: 1782112766.734369755
T_odom_lidar: 
  -0.977803    0.198352   0.0675181  0.00857592
   0.198433    0.980099 -0.00556445   0.0104018
 -0.0672782  0.00795691   -0.997703     1.20827
          0           0           0           1
T_world_lidar: 
  -0.977803    0.198352   0.0675181  0.00857592
   0.198433    0.980099 -0.00556445   0.0104018
 -0.0672782  0.00795691   -0.997703     1.20827
          0           0           0           1
v_world_imu:  0.00226022  0.00197827 -0.00200935
frame_56
id: 56
stamp: 1782112766.834012747
T_odom_lidar: 
  -0.977786    0.198329   0.0678303  0.00864542
   0.198362    0.980109 -0.00631402   0.0105055
 -0.0677333  0.00728118   -0.997677     1.20813
          0           0           0           1
T_world_lidar: 
  -0.977786    0.198329   0.0678303  0.00864542
   0.198362    0.980109 -0.00631402   0.0105055
 -0.0677333  0.00728118   -0.997677     1.20813
          0           0           0           1
v_world_imu: -0.000206207 -0.000728372  0.000864631
frame_57
id: 57
stamp: 1782112766.934039116
T_odom_lidar: 
   -0.97781    0.198206   0.0678419  0.00860028
   0.198237    0.980134 -0.00634579   0.0104118
 -0.0677519   0.0072438   -0.997676     1.20829
          0           0           0           1
T_world_lidar: 
   -0.97781    0.198206   0.0678419  0.00860028
   0.198237    0.980134 -0.00634579   0.0104118
 -0.0677519   0.0072438   -0.997676     1.20829
          0           0           0           1
v_world_imu:  -0.00119675 -0.000871968  0.000894991
frame_58
id: 58
stamp: 1782112767.034425497
T_odom_lidar: 
  -0.977823    0.198214   0.0676284  0.00852793
   0.198271    0.980129 -0.00593142   0.0104709
 -0.0674603  0.00760889   -0.997693     1.20834
          0           0           0           1
T_world_lidar: 
  -0.977823    0.198214   0.0676284  0.00852793
   0.198271    0.980129 -0.00593142   0.0104709
 -0.0674603  0.00760889   -0.997693     1.20834
          0           0           0           1
v_world_imu: 0.000882143  0.00351092  -0.0010047
frame_59
id: 59
stamp: 1782112767.134011984
T_odom_lidar: 
  -0.97783   0.198212   0.067526 0.00874916
  0.198286   0.980128 -0.0056722  0.0109576
-0.0673084 0.00784302  -0.997701    1.20836
         0          0          0          1
T_world_lidar: 
  -0.97783   0.198212   0.067526 0.00874916
  0.198286   0.980128 -0.0056722  0.0109576
-0.0673084 0.00784302  -0.997701    1.20836
         0          0          0          1
v_world_imu:  0.00156422  0.00428141 0.000818369
frame_60
id: 60
stamp: 1782112767.234020233
T_odom_lidar: 
  -0.977802    0.198156   0.0680995  0.00872409
   0.198241    0.980137 -0.00557692   0.0111228
 -0.0678519  0.00804698   -0.997663     1.20856
          0           0           0           1
T_world_lidar: 
  -0.977802    0.198156   0.0680995  0.00872409
   0.198241    0.980137 -0.00557692   0.0111228
 -0.0678519  0.00804698   -0.997663     1.20856
          0           0           0           1
v_world_imu: -0.000638033  0.000532636  0.000658654
frame_61
id: 61
stamp: 1782112767.334451199
T_odom_lidar: 
 -0.977764   0.198317   0.068169  0.0086243
  0.198415   0.980103 -0.0054092  0.0110656
-0.0678854 0.00823681  -0.997659    1.20838
         0          0          0          1
T_world_lidar: 
 -0.977764   0.198317   0.068169  0.0086243
  0.198415   0.980103 -0.0054092  0.0110656
-0.0678854 0.00823681  -0.997659    1.20838
         0          0          0          1
v_world_imu: -0.000492974 -0.000474957  -0.00220141
frame_62
id: 62
stamp: 1782112767.434619427
T_odom_lidar: 
   -0.97784    0.198148   0.0675687  0.00857329
   0.198265    0.980136 -0.00504091   0.0110405
 -0.0672254  0.00846729   -0.997702      1.2081
          0           0           0           1
T_world_lidar: 
   -0.97784    0.198148   0.0675687  0.00857329
   0.198265    0.980136 -0.00504091   0.0110405
 -0.0672254  0.00846729   -0.997702      1.2081
          0           0           0           1
v_world_imu: -2.56752e-05  -0.00202072   0.00143219
frame_63
id: 63
stamp: 1782112767.534055948
T_odom_lidar: 
  -0.977832    0.198223    0.067473  0.00861451
   0.198288    0.980127 -0.00580446   0.0107852
 -0.0672827  0.00770327   -0.997704     1.20837
          0           0           0           1
T_world_lidar: 
  -0.977832    0.198223    0.067473  0.00861451
   0.198288    0.980127 -0.00580446   0.0107852
 -0.0672827  0.00770327   -0.997704     1.20837
          0           0           0           1
v_world_imu:  0.00140637 -0.00261445  0.00175672
frame_64
id: 64
stamp: 1782112767.634365320
T_odom_lidar: 
  -0.977793    0.198248   0.0679601  0.00880835
   0.198315    0.980121 -0.00582883   0.0106764
 -0.0677647  0.00777811   -0.997671     1.20831
          0           0           0           1
T_world_lidar: 
  -0.977793    0.198248   0.0679601  0.00880835
   0.198315    0.980121 -0.00582883   0.0106764
 -0.0677647  0.00777811   -0.997671     1.20831
          0           0           0           1
v_world_imu:  0.000945681 -0.000319015 -0.000660733
frame_65
id: 65
stamp: 1782112767.734067678
T_odom_lidar: 
  -0.977836    0.198084   0.0678158  0.00883442
   0.198174    0.980152 -0.00546479   0.0107093
 -0.0675522  0.00809563   -0.997683     1.20837
          0           0           0           1
T_world_lidar: 
  -0.977836    0.198084   0.0678158  0.00883442
   0.198174    0.980152 -0.00546479   0.0107093
 -0.0675522  0.00809563   -0.997683     1.20837
          0           0           0           1
v_world_imu:  0.000450767  0.000503765 -0.000908319
frame_66
id: 66
stamp: 1782112767.834050417
T_odom_lidar: 
  -0.977822    0.198227   0.0675996  0.00896555
   0.198272    0.980128 -0.00610153   0.0107431
 -0.0674658  0.00743693   -0.997694     1.20826
          0           0           0           1
T_world_lidar: 
  -0.977822    0.198227   0.0675996  0.00896555
   0.198272    0.980128 -0.00610153   0.0107431
 -0.0674658  0.00743693   -0.997694     1.20826
          0           0           0           1
v_world_imu:  0.000745999   0.00121576 -0.000150105
frame_67
id: 67
stamp: 1782112767.934758425
T_odom_lidar: 
  -0.977759    0.198472   0.0677942  0.00898273
   0.198537    0.980076 -0.00585209   0.0108951
  -0.067605   0.0077377   -0.997682     1.20839
          0           0           0           1
T_world_lidar: 
  -0.977759    0.198472   0.0677942  0.00898273
   0.198537    0.980076 -0.00585209   0.0108951
  -0.067605   0.0077377   -0.997682     1.20839
          0           0           0           1
v_world_imu:  0.00250077  0.00347471 0.000151193
frame_68
id: 68
stamp: 1782112768.034373522
T_odom_lidar: 
  -0.977874    0.198102   0.0672158  0.00942034
   0.198155    0.980153 -0.00593522   0.0113472
 -0.0670575  0.00751526   -0.997721     1.20823
          0           0           0           1
T_world_lidar: 
  -0.977874    0.198102   0.0672158  0.00942034
   0.198155    0.980153 -0.00593522   0.0113472
 -0.0670575  0.00751526   -0.997721     1.20823
          0           0           0           1
v_world_imu: 0.00432582  0.0043258 0.00033449
frame_69
id: 69
stamp: 1782112768.235560656
T_odom_lidar: 
  -0.977845    0.198085    0.067691  0.00980558
   0.198133    0.980156 -0.00606662   0.0120214
 -0.0675495  0.00747962   -0.997688     1.20841
          0           0           0           1
T_world_lidar: 
  -0.977845    0.198085    0.067691  0.00980558
   0.198133    0.980156 -0.00606662   0.0120214
 -0.0675495  0.00747962   -0.997688     1.20841
          0           0           0           1
v_world_imu:  1.30121e-05 -0.000322832 -0.000154536
frame_70
id: 70
stamp: 1782112768.334352732
T_odom_lidar: 
  -0.977882    0.197931   0.0675964  0.00975938
   0.198002    0.980185 -0.00572267   0.0118924
 -0.0673897  0.00778812   -0.997696     1.20827
          0           0           0           1
T_world_lidar: 
  -0.977882    0.197931   0.0675964  0.00975938
   0.198002    0.980185 -0.00572267   0.0118924
 -0.0673897  0.00778812   -0.997696     1.20827
          0           0           0           1
v_world_imu: -0.000941966  -0.00103409 -0.000363166
frame_71
id: 71
stamp: 1782112768.434553146
T_odom_lidar: 
  -0.977927    0.197678   0.0676903  0.00956258
   0.197764    0.980234 -0.00548842   0.0119856
 -0.0674373  0.00801943   -0.997691      1.2085
          0           0           0           1
T_world_lidar: 
  -0.977927    0.197678   0.0676903  0.00956258
   0.197764    0.980234 -0.00548842   0.0119856
 -0.0674373  0.00801943   -0.997691      1.2085
          0           0           0           1
v_world_imu: -0.00336052  0.00286567   0.0020117
frame_72
id: 72
stamp: 1782112768.534510851
T_odom_lidar: 
  -0.977723    0.198835   0.0672535  0.00857323
   0.198998     0.97999 -0.00434144   0.0124802
  -0.066771  0.00913856   -0.997726     1.20872
          0           0           0           1
T_world_lidar: 
  -0.977723    0.198835   0.0672535  0.00857323
   0.198998     0.97999 -0.00434144   0.0124802
  -0.066771  0.00913856   -0.997726     1.20872
          0           0           0           1
v_world_imu: -0.0942226  0.0545234 -0.0102861
frame_73
id: 73
stamp: 1782112768.634144068
T_odom_lidar: 
   -0.97687    0.202277   0.0693496  0.00041259
   0.202148    0.979314 -0.00894248   0.0214401
 -0.0697239  0.00528325   -0.997552     1.20849
          0           0           0           1
T_world_lidar: 
   -0.97687    0.202277   0.0693496  0.00041259
   0.202148    0.979314 -0.00894248   0.0214401
 -0.0697239  0.00528325   -0.997552     1.20849
          0           0           0           1
v_world_imu: 0.00429696  0.0840813 0.00945684
frame_74
id: 74
stamp: 1782112768.734052896
T_odom_lidar: 
  -0.977112    0.201429   0.0684057 -0.00748909
   0.201275    0.979491 -0.00920908   0.0300458
 -0.0688578  0.00477007   -0.997615     1.20842
          0           0           0           1
T_world_lidar: 
  -0.977112    0.201429   0.0684057 -0.00748909
   0.201275    0.979491 -0.00920908   0.0300458
 -0.0688578  0.00477007   -0.997615     1.20842
          0           0           0           1
v_world_imu:    -0.13975    0.073432 -0.00430222
frame_75
id: 75
stamp: 1782112768.834364176
T_odom_lidar: 
 -0.978406   0.196191  0.0650396 -0.0143571
  0.196101   0.980552  -0.007825   0.034237
-0.0653099 0.00509833  -0.997852    1.20873
         0          0          0          1
T_world_lidar: 
 -0.978406   0.196191  0.0650396 -0.0143571
  0.196101   0.980552  -0.007825   0.034237
-0.0653099 0.00509833  -0.997852    1.20873
         0          0          0          1
v_world_imu: -0.0610364  0.0473583 0.00500545
frame_76
id: 76
stamp: 1782112768.934628248
T_odom_lidar: 
  -0.978723    0.193828   0.0673243  -0.0193315
   0.193623    0.981029 -0.00961128   0.0383195
   -0.06791  0.00362876   -0.997685     1.20917
          0           0           0           1
T_world_lidar: 
  -0.978723    0.193828   0.0673243  -0.0193315
   0.193623    0.981029 -0.00961128   0.0383195
   -0.06791  0.00362876   -0.997685     1.20917
          0           0           0           1
v_world_imu:   0.026187 0.00628283 0.00934196
frame_77
id: 77
stamp: 1782112769.034017563
T_odom_lidar: 
 -0.978455   0.195929  0.0651056 -0.0117386
  0.195713   0.980613 -0.0097302   0.037111
-0.0657498 0.00322148  -0.997831     1.2098
         0          0          0          1
